0	2	2	2	2	2	2	2	2	3	2	4	3	2	2	3	2	3	2	2	2	2	2	2	2	2	2	2	2	2	2	2	3	2	2	2	2	2	2	2	2	2	2	2	2	2	
1	2	2	2	2	2	2	5	2	2	3	2	2	2	2	4	3	2	3	2	2	3	3	3	2	3	2	2	2	2	2	2	2	2	2	2	2	2	2	3	2	2	2	2	3	3	2	2	2	2	2	2	3	2	2	2	2	2	2	2	2	
2	2	2	2	2	2	3	2	2	2	3	5	2	2	3	2	2	2	2	4	3	2	3	2	2	2	3	3	3	2	2	4	2	2	3	2	3	3	2	2	2	2	2	2	2	2	2	2	2	2	2	2	2	3	2	2	2	2	3	2	2	2	2	2	2	2	2	2	2	3	2	2	2	2	2	2	2	2	
3	2	2	2	2	2	3	2	3	2	2	2	2	3	4	2	3	5	2	3	2	3	2	2	3	4	2	2	3	2	2	3	3	3	2	3	2	4	2	3	2	3	3	2	2	2	2	2	2	2	2	2	2	2	2	2	2	2	2	2	3	2	2	2	2	3	2	2	2	2	2	2	2	2	2	2	2	3	2	2	2	2	2	2	2	
4	2	2	2	3	2	2	3	2	2	2	2	2	2	3	2	4	2	2	5	2	3	2	3	3	2	2	2	3	2	2	4	2	3	3	2	2	2	2	2	3	3	2	4	2	3	2	3	4	2	3	2	3	3	2	2	2	2	2	2	2	2	2	2	3	2	2	2	4	2	2	2	2	3	2	2	2	2	2	2	2	2	2	2	2	3	2	2	2	2	3	2	2	2	
5	2	2	3	3	2	2	3	2	2	4	2	2	2	2	2	4	3	4	3	3	3	2	5	2	4	2	3	4	2	2	2	3	2	2	4	2	2	2	3	2	2	2	2	2	2	3	2	4	2	3	2	2	4	2	3	2	3	3	2	2	2	2	2	2	2	2	2	3	2	2	3	3	2	2	2	3	2	2	2	2	2	2	2	2	2	3	2	2	2	2	3	2	2	2	
6	3	5	2	2	2	3	3	2	2	5	2	2	2	2	2	4	3	3	2	2	5	2	4	2	2	3	4	2	2	3	4	2	3	2	4	2	2	2	4	3	2	2	2	2	2	2	2	2	2	4	2	2	3	2	2	3	2	4	3	3	2	2	2	2	2	2	2	3	3	2	2	3	2	2	2	2	3	2	2	2	2	2	2	2	2	2	2	2	2	2	3	2	2	2	2	3	2	2	2	
7	3	5	2	2	2	3	3	2	5	2	2	2	2	4	2	4	3	2	5	4	2	3	3	4	2	2	4	4	3	2	4	2	2	2	4	3	2	2	3	2	2	2	2	2	4	2	3	3	2	2	2	3	2	4	3	3	2	2	2	2	2	2	2	2	2	3	3	2	2	2	3	2	2	3	2	2	2	2	2	2	2	2	2	2	2	3	2	2	2	2	3	2	2	2	
8	3	5	2	2	2	2	3	2	2	5	2	4	2	2	3	4	3	4	3	3	2	3	3	2	3	2	4	4	3	2	4	2	2	2	2	4	3	2	2	3	2	2	2	2	2	4	2	3	3	3	2	3	4	3	3	2	2	2	2	2	2	2	3	3	2	2	2	3	3	2	2	2	2	2	2	2	2	2	2	2	2	3	2	2	3	2	2	2	
9	3	5	2	2	2	2	2	2	5	2	4	2	2	3	7	4	4	4	3	2	3	3	2	3	2	4	4	3	2	4	2	2	2	3	3	3	2	2	2	3	2	2	2	2	2	4	2	2	3	3	2	2	3	4	3	2	2	2	2	2	2	2	2	3	2	3	2	2	2	3	3	2	2	2	2	2	2	2	2	2	2	2	2	3	2	2	3	2	3	2	2	2	
10	3	2	2	2	3	4	2	5	3	2	4	2	4	2	2	8	4	4	4	4	3	2	2	3	3	2	6	4	2	3	4	4	2	3	3	2	2	2	3	2	2	2	2	3	4	3	2	3	3	2	3	3	2	4	2	2	2	2	2	3	2	2	2	2	3	3	2	2	2	2	2	2	3	2	2	2	2	2	2	2	2	2	2	2	2	3	2	3	2	2	
11	3	3	2	3	2	4	2	5	3	2	4	2	4	2	2	8	4	2	4	4	2	4	3	2	2	2	3	3	2	6	4	2	2	3	4	3	4	2	4	3	2	2	3	2	2	2	2	3	3	4	2	3	2	2	2	2	3	4	3	2	2	2	2	2	3	2	2	3	3	2	2	2	2	2	3	2	2	2	2	2	2	3	2	2	2	2	2	3	2	2	2	
12	4	2	3	5	2	2	2	4	5	3	2	4	4	2	8	4	4	2	3	4	2	3	2	2	2	6	3	2	6	4	4	2	5	5	5	2	4	3	2	2	3	2	3	3	2	2	3	4	2	2	2	2	3	4	2	3	2	2	2	2	2	2	3	2	3	2	2	2	2	2	3	3	2	2	2	2	2	3	2	2	2	2	2	3	2	2	2	3	2	2	2	
13	5	2	4	5	2	2	2	4	5	2	2	4	4	2	8	4	3	4	2	3	2	2	2	5	3	2	7	4	4	5	5	5	2	4	3	2	2	2	3	3	3	3	2	2	3	4	2	2	2	2	3	4	2	3	2	2	2	2	2	3	2	3	2	2	2	2	2	2	3	3	2	2	2	2	2	3	2	2	2	2	2	3	2	2	2	2	2	2	2	2	
14	5	2	2	4	5	2	2	2	2	4	5	2	3	4	4	2	8	3	3	4	2	3	2	2	2	6	3	2	6	4	5	5	5	4	2	4	3	2	2	3	2	3	3	2	2	2	4	2	3	2	2	2	3	2	4	2	3	2	2	2	2	2	3	2	3	2	2	2	2	3	3	2	2	3	2	2	3	2	2	2	2	3	2	2	2	2	2	2	2	2	2	2	2	
15	5	2	2	3	4	5	2	2	2	2	4	5	2	3	4	5	2	8	3	3	4	3	3	2	2	6	2	3	2	6	4	2	4	5	4	4	3	4	3	2	2	3	2	3	3	2	2	3	2	3	2	2	2	2	3	4	2	3	2	2	2	2	2	2	2	2	3	2	3	2	2	2	2	3	3	2	3	2	2	2	3	2	2	2	2	2	3	2	2	2	2	2	2	2	2	
16	4	2	2	3	4	5	2	2	2	5	5	2	3	4	2	5	2	8	3	4	2	3	4	3	3	2	2	6	2	2	4	10	4	2	4	2	5	4	4	3	4	3	3	2	3	3	2	2	3	2	2	2	2	2	3	4	3	2	2	2	3	2	2	2	2	2	4	3	2	2	2	3	2	2	2	2	3	2	2	2	2	2	2	3	2	2	2	2	2	2	2	2	2	
17	4	2	3	4	5	2	2	2	2	5	5	2	2	4	2	5	2	2	8	4	4	2	3	4	3	2	2	2	6	2	6	10	4	2	5	2	5	4	4	3	2	2	3	3	2	2	2	3	3	2	3	2	2	2	2	3	5	3	2	2	2	2	2	2	3	2	2	2	2	2	4	3	2	2	2	3	2	2	3	2	3	2	2	2	2	2	3	2	3	2	2	2	2	2	2	
18	4	2	3	4	5	2	2	2	2	6	5	2	2	3	4	2	3	5	2	3	8	4	4	2	3	4	3	2	2	6	2	6	10	4	2	5	5	4	4	3	2	3	3	2	2	3	2	2	4	2	3	2	3	2	2	2	3	5	3	2	2	2	2	2	2	2	2	3	2	2	4	3	2	2	2	3	2	2	2	2	3	2	3	2	2	2	3	2	3	2	3	2	2	2	2	
19	4	2	3	3	6	2	2	5	5	2	2	4	2	3	5	2	3	8	5	3	4	3	2	3	2	6	2	6	9	4	2	2	5	4	4	3	2	3	3	2	3	2	2	4	2	3	3	2	2	2	2	2	3	5	3	2	2	2	2	2	2	3	2	2	2	2	4	2	4	2	3	2	2	2	2	2	2	2	3	2	2	2	3	2	3	2	3	2	3	2	3	2	2	
20	3	3	3	6	2	2	2	5	5	2	2	2	3	2	3	5	2	3	8	5	3	3	3	3	2	3	6	2	5	9	4	2	2	4	2	4	4	3	2	3	3	2	2	3	2	2	4	3	3	2	2	2	2	3	3	2	2	2	2	3	2	2	2	2	2	4	3	2	4	4	3	2	2	2	2	2	2	2	3	2	2	4	2	2	3	2	2	3	2	3	2	
21	3	3	3	6	3	2	2	5	6	2	2	2	3	2	3	4	3	8	5	3	3	3	2	2	3	6	2	5	9	4	2	2	5	2	4	5	3	2	3	3	2	3	2	2	4	3	3	2	2	2	2	3	2	3	2	2	3	2	2	2	4	3	2	4	2	4	3	3	2	2	3	2	2	2	2	3	2	2	4	2	3	2	2	2	3	3	2	
22	3	2	3	3	6	2	2	2	2	5	3	6	2	2	3	2	4	3	3	8	5	2	3	3	2	2	2	2	6	2	6	9	4	2	5	2	4	5	3	2	3	3	2	3	2	2	4	3	3	2	2	2	3	2	3	3	2	2	3	2	2	2	2	4	3	2	4	2	4	3	3	2	2	2	2	2	2	2	2	2	3	2	2	2	4	2	2	2	2	3	2	2	2	3	3	2	
23	3	2	3	3	4	6	2	3	2	5	3	6	2	2	2	3	2	3	5	3	3	8	5	2	3	3	2	2	6	2	6	9	3	2	5	3	5	3	3	2	3	3	2	2	2	4	2	2	4	3	2	2	2	2	3	2	3	3	2	2	3	2	2	2	4	3	2	2	2	4	3	3	2	2	2	2	2	2	2	2	3	3	2	2	2	2	4	2	2	2	3	2	2	3	3	
24	5	2	2	3	3	6	7	2	8	2	3	2	5	4	4	5	2	2	2	3	2	5	3	3	7	5	2	2	3	2	6	2	6	9	5	4	5	3	3	2	2	3	2	2	2	2	2	3	4	2	4	2	2	3	2	3	2	2	2	3	2	2	2	2	4	2	2	2	2	4	3	3	2	2	2	2	2	2	2	2	2	2	3	3	2	4	2	4	2	2	3	3	2	3	3	
25	5	2	3	3	6	7	2	8	3	2	5	4	4	5	2	2	3	2	5	3	3	7	6	3	3	2	4	6	3	6	8	5	4	6	4	3	2	2	3	2	3	2	2	2	3	3	4	3	2	2	2	3	3	2	2	2	2	2	3	2	2	4	2	2	2	3	4	3	3	2	2	2	2	2	2	2	2	3	3	3	2	4	3	4	2	2	2	3	3	3	3	
26	5	2	3	6	7	2	8	2	3	2	5	4	4	4	2	3	2	2	3	3	3	7	6	3	2	3	2	2	6	3	6	8	5	4	6	4	3	2	2	3	2	3	2	2	2	2	3	3	2	4	3	2	2	3	3	2	2	2	2	2	2	3	2	2	4	2	2	2	3	4	4	3	2	2	2	2	2	2	2	3	3	3	2	4	4	4	2	2	2	3	3	3	3	
27	5	2	3	6	7	2	8	3	6	4	4	3	2	3	2	2	3	3	3	8	6	3	2	3	2	3	6	3	6	7	5	4	6	4	2	2	2	3	2	3	2	2	2	3	3	2	4	3	2	2	3	2	2	2	2	3	2	2	2	2	4	2	2	2	3	4	4	3	2	3	2	3	2	3	2	3	3	2	4	4	4	2	2	3	3	3	2	3	
28	5	3	5	7	2	8	3	6	4	4	2	2	3	3	3	8	6	3	2	3	4	3	6	2	3	6	4	5	4	6	4	2	2	2	3	2	3	4	2	3	3	2	3	3	2	2	3	2	2	2	2	2	2	2	3	2	2	2	3	4	2	2	2	2	2	2	4	4	3	2	2	3	2	2	3	2	3	2	3	3	2	4	4	2	2	3	3	3	3	3	
29	6	3	5	7	2	8	4	3	6	4	2	2	2	2	4	3	9	5	3	2	3	3	5	2	3	6	2	3	6	4	5	4	6	4	2	2	2	3	3	4	3	4	3	3	3	2	3	2	2	3	2	2	2	2	3	2	3	4	2	2	2	2	2	2	4	3	2	2	3	2	3	2	3	2	3	4	2	4	2	2	2	3	3	3	3	2	
30	6	2	2	3	5	7	3	8	4	3	2	6	3	2	2	2	2	2	4	3	9	5	3	2	3	4	3	5	2	3	6	2	3	6	4	5	4	6	4	2	2	3	3	4	3	4	3	3	3	2	4	3	2	2	3	2	2	3	2	2	4	2	2	2	2	3	4	4	2	2	2	3	2	2	4	3	2	3	3	2	2	3	4	2	3	2	2	2	3	2	4	3	2	
31	6	3	5	6	3	8	2	4	2	6	3	2	2	2	2	2	2	2	4	3	9	5	2	3	4	2	5	2	3	6	2	4	4	7	4	2	4	6	4	3	2	3	3	5	4	2	5	3	3	3	2	4	2	3	2	3	2	2	3	2	2	2	4	2	2	2	2	4	2	2	2	2	2	5	3	2	3	3	2	2	3	4	2	3	3	2	2	3	2	4	3	
32	6	3	2	5	7	3	7	2	4	3	6	3	2	2	2	2	5	2	2	2	4	3	5	9	5	3	2	4	5	2	2	6	4	4	6	4	2	4	6	4	3	3	3	4	5	4	2	5	3	3	2	3	2	2	3	2	2	3	2	2	3	2	2	4	2	2	2	2	2	2	4	2	2	2	2	2	5	3	2	3	3	2	2	3	4	2	3	3	2	2	3	2	4	3	
33	6	3	2	5	7	3	8	2	2	4	3	6	3	2	2	2	5	2	4	3	5	9	5	3	2	4	5	2	3	6	5	4	5	4	2	4	6	4	3	2	4	3	4	5	3	2	5	3	4	2	3	2	3	2	2	3	3	2	2	3	2	4	2	2	2	2	3	3	2	2	2	2	5	3	2	3	3	2	2	2	3	4	3	3	2	2	2	3	2	4	3	
34	7	3	2	5	6	3	8	2	2	4	2	6	3	2	2	2	5	2	2	3	3	5	9	5	3	3	5	2	3	3	5	4	2	5	4	2	4	6	4	3	2	4	3	4	5	3	2	2	5	3	3	2	3	2	2	3	2	2	3	2	2	3	2	2	4	2	2	2	2	2	2	3	2	2	2	5	3	2	3	2	2	2	3	4	3	3	2	2	2	3	2	2	4	3	
35	7	2	3	2	5	6	3	8	3	2	4	2	2	6	2	2	2	2	5	2	3	6	5	3	9	5	3	3	5	3	5	4	2	5	4	4	6	4	3	2	2	4	2	3	4	5	3	2	3	5	3	2	3	2	2	2	2	3	2	2	2	3	2	2	3	4	2	4	2	2	2	4	4	2	2	2	2	2	5	3	3	2	2	2	3	2	4	3	2	3	2	2	3	2	2	4	3	
36	7	2	3	3	5	6	3	8	3	4	2	2	6	2	2	3	2	5	5	6	5	2	9	5	3	4	5	3	2	5	4	5	4	4	6	4	3	2	2	4	2	3	4	5	4	2	3	5	3	3	2	2	2	2	2	3	2	2	3	2	2	2	4	3	4	2	2	2	5	2	2	2	2	5	3	3	2	2	2	3	2	4	3	2	3	2	2	3	2	4	3	2	
37	5	3	3	2	5	6	3	8	3	4	2	6	3	2	2	2	3	5	3	6	5	2	9	5	3	4	2	5	2	3	3	2	5	5	5	2	4	3	5	4	3	2	4	2	3	3	5	4	2	3	6	2	3	2	3	2	2	2	4	2	2	2	3	2	2	2	4	3	4	2	2	2	4	2	2	2	2	2	2	2	4	3	3	2	2	2	3	4	3	2	2	3	2	3	2	4	2	3	2	
38	5	2	3	3	5	7	3	8	3	4	2	6	3	2	2	4	2	5	3	6	5	2	9	4	3	4	5	2	3	2	2	5	5	5	4	3	5	4	3	2	3	2	3	3	5	4	2	3	6	2	2	3	2	3	2	2	6	2	3	2	2	3	2	2	2	4	2	2	3	2	2	2	4	2	2	2	4	3	2	2	2	3	3	2	2	2	3	2	2	3	2	4	2	3	2	2	
39	5	2	3	3	5	7	4	8	2	4	2	6	3	2	3	2	4	2	5	3	5	6	2	9	4	3	4	5	2	3	2	2	5	5	2	4	4	3	4	3	2	2	3	2	3	3	5	4	6	2	2	3	2	3	2	2	6	3	2	3	2	2	2	2	4	2	2	4	2	2	2	2	4	2	2	2	2	2	2	4	3	2	2	3	2	3	2	2	2	3	2	2	3	2	2	4	2	2	3	2	
40	5	2	2	3	3	5	7	4	8	4	2	6	3	3	2	4	2	5	3	2	3	6	6	2	9	4	3	5	5	2	4	5	5	2	4	4	3	4	3	2	2	2	3	3	3	5	4	3	5	2	2	3	2	3	2	2	2	6	2	3	3	2	2	2	2	2	2	4	2	2	2	2	2	2	3	2	2	2	2	3	2	4	3	3	2	2	2	3	2	2	2	2	2	3	2	2	2	2	3	2	2	4	2	3	2	
41	5	2	3	3	4	6	4	8	4	2	5	3	3	2	2	3	5	3	3	7	6	2	9	4	3	4	5	2	4	5	5	2	4	4	2	3	4	3	2	2	2	2	4	3	2	5	4	3	6	2	2	2	3	2	3	2	2	2	2	2	6	2	3	3	2	2	2	2	4	2	2	2	3	2	2	2	2	3	2	4	3	3	2	2	3	2	2	2	2	2	2	3	2	2	2	2	2	3	2	2	2	4	2	3	
42	5	2	2	3	3	3	6	4	8	4	2	6	3	3	2	4	2	5	4	3	7	6	2	9	4	3	4	5	4	5	2	5	3	4	4	4	4	3	2	2	2	2	3	2	5	4	3	6	2	2	2	2	3	3	2	2	2	2	6	2	3	3	2	2	4	2	4	2	2	3	3	2	5	3	2	2	2	3	2	2	2	2	2	2	2	3	2	2	2	2	2	2	3	2	2	4	2	3	2	
43	5	2	3	3	3	6	4	4	8	4	2	6	3	3	2	5	2	2	4	3	3	6	5	2	9	4	2	3	4	4	5	4	3	5	2	5	3	5	4	4	4	3	2	2	2	3	2	5	4	2	6	2	2	2	2	2	3	3	2	2	3	6	2	2	3	2	2	4	2	4	2	2	3	2	2	2	5	2	2	2	3	2	2	2	2	2	3	2	2	2	2	3	2	2	2	3	2	3	2	
44	5	2	4	3	4	3	4	4	8	2	4	2	6	3	2	3	2	5	2	4	3	6	5	2	9	3	2	3	4	6	4	3	5	2	2	5	2	5	3	5	2	2	3	2	3	4	3	2	2	2	2	5	4	2	5	2	2	2	3	3	2	2	6	3	2	4	2	4	2	3	2	4	2	5	2	2	4	2	2	2	2	2	2	3	2	2	2	2	3	2	2	3	2	3	2	
45	5	2	4	3	4	4	4	4	8	2	4	2	6	3	2	3	2	5	2	2	4	3	6	5	2	3	2	3	4	6	3	3	5	2	2	5	2	5	5	2	8	3	2	3	4	3	2	2	6	2	4	2	5	2	2	2	2	3	3	2	2	7	2	3	2	3	3	4	2	3	2	4	5	2	2	2	4	2	2	2	2	2	2	2	2	3	2	2	2	2	2	3	2	2	2	3	2	3	2	
46	5	2	4	3	4	4	4	4	8	2	7	3	2	3	2	2	2	2	2	4	3	7	5	2	3	2	3	4	6	3	3	5	5	5	5	2	8	2	4	2	2	4	4	3	2	2	6	2	2	4	2	6	3	2	2	3	3	2	3	2	2	3	2	3	2	4	2	4	4	2	5	2	2	2	4	2	2	2	2	2	2	2	2	3	4	2	3	2	2	3	2	3	2	
47	5	2	4	3	4	4	4	4	8	2	7	3	2	3	2	2	2	4	3	7	5	2	3	3	4	6	3	3	5	2	3	5	5	6	2	8	4	2	2	4	4	3	2	2	2	6	2	4	2	6	3	2	2	3	3	2	3	2	2	3	2	3	3	4	2	3	2	4	2	5	2	2	4	2	3	2	2	2	2	2	3	4	2	2	3	2	3	2	2	3	3	3	2	2	
48	4	2	5	4	4	4	4	9	2	7	3	2	3	2	2	2	2	4	2	3	7	5	2	3	4	4	4	6	3	3	5	2	3	5	5	2	6	2	8	4	2	2	4	3	3	2	2	2	6	2	6	3	2	2	3	2	2	2	3	2	3	3	4	2	3	2	2	2	4	2	5	2	2	2	2	2	4	3	2	2	2	2	3	2	2	3	2	3	2	2	3	3	2	2	3	2	2	
49	4	2	5	4	4	4	4	9	2	2	7	3	2	3	2	2	2	4	4	2	3	7	5	9	3	4	3	7	3	3	5	2	2	5	6	2	5	2	4	2	4	3	3	2	2	6	2	3	6	3	3	3	2	2	5	2	2	3	3	3	4	2	2	2	2	2	3	2	2	2	2	5	2	2	2	2	4	3	2	2	2	2	3	3	3	2	4	2	3	2	2	2	2	3	2	
50	4	2	5	4	3	3	9	2	7	3	2	3	2	2	2	2	5	4	2	3	7	5	9	4	3	7	3	4	5	2	5	7	2	6	2	2	4	2	2	4	3	3	2	2	6	2	2	3	6	3	2	3	3	2	5	2	2	3	3	3	3	4	2	2	2	2	3	2	4	5	2	2	2	3	2	2	2	2	2	3	3	2	2	4	2	2	2	2	2	2	3	
51	3	2	5	4	3	3	8	2	7	3	4	2	2	2	5	4	3	7	5	9	4	3	7	3	4	5	5	7	2	6	2	2	4	2	2	4	3	3	2	6	2	2	3	6	2	3	3	2	6	2	5	2	2	3	3	2	3	3	4	2	2	2	2	2	3	2	2	2	4	2	5	2	2	2	2	4	2	2	2	2	2	3	2	3	2	4	2	2	2	2	2	3	
52	3	5	4	3	3	8	2	2	7	3	4	2	2	4	2	5	5	3	6	9	5	3	7	3	2	3	6	5	7	2	6	2	4	2	2	4	3	4	2	2	6	4	2	3	6	3	3	3	2	6	2	5	2	2	3	3	2	3	3	4	2	2	2	2	3	2	4	2	5	2	2	2	2	2	2	5	2	2	2	2	2	2	3	2	2	3	2	4	2	2	2	3	2	3	
53	3	3	4	3	3	8	2	3	4	2	2	2	4	2	3	5	3	6	9	5	3	7	3	2	3	6	5	7	6	2	6	4	2	4	3	4	6	6	2	4	3	6	3	3	3	3	6	2	5	2	2	3	2	3	2	2	3	3	3	4	2	2	2	2	3	4	2	5	2	2	2	2	2	5	2	2	2	2	3	2	3	2	4	2	2	3	2	3	
54	4	3	2	4	3	3	8	3	4	2	5	2	2	3	5	3	3	6	9	2	5	3	6	3	2	3	6	5	7	5	2	6	4	2	4	3	4	6	7	3	2	3	5	3	2	4	6	2	5	2	3	2	4	2	2	5	3	3	3	4	2	2	2	2	2	4	5	2	2	2	2	3	2	2	2	2	3	2	3	2	4	2	2	3	2	3	
55	4	5	4	4	3	8	3	4	6	2	3	5	3	3	5	9	2	4	3	6	2	2	2	3	2	5	7	5	2	7	4	2	3	3	4	6	7	3	2	3	5	3	2	4	6	2	5	2	3	2	4	2	2	5	3	3	3	4	2	2	2	3	2	5	5	2	5	2	3	2	2	3	3	3	4	2	2	2	2	3	2	3	
56	4	5	4	4	2	8	2	3	3	4	5	2	3	5	3	3	6	9	7	3	6	2	2	3	6	3	2	5	7	4	2	2	6	4	3	3	4	6	7	2	4	5	3	4	6	2	5	2	3	4	2	5	3	3	3	4	2	2	3	2	2	5	2	2	5	2	2	3	2	2	3	2	3	3	3	4	2	2	2	3	2	3	
57	4	5	4	3	3	8	2	3	3	4	6	2	2	5	3	3	6	2	9	7	3	6	2	2	3	6	3	5	7	5	2	6	4	4	3	3	4	2	5	7	2	4	5	3	3	6	2	2	5	3	2	3	4	2	5	3	3	3	4	2	3	2	2	5	2	5	2	2	2	2	3	2	2	2	3	2	3	4	2	2	2	4	3	3	
58	4	5	4	3	2	9	2	2	3	2	2	4	6	2	3	5	4	3	5	2	9	7	3	6	2	2	3	6	2	3	5	7	5	2	6	4	3	3	4	5	7	2	4	5	3	7	2	2	2	4	3	2	3	4	2	5	3	3	3	4	3	2	3	2	2	2	2	4	2	2	2	2	3	4	2	2	3	3	2	3	4	2	2	2	4	3	3	
59	4	5	4	3	2	9	2	2	7	3	3	4	6	2	2	2	5	4	2	3	5	2	9	2	7	3	6	2	2	2	2	6	2	4	5	6	5	2	4	2	3	3	5	5	7	2	4	5	3	7	2	4	3	3	4	2	2	4	3	3	4	4	3	2	3	2	2	2	4	2	2	2	2	3	5	3	2	2	3	2	2	3	4	2	2	4	2	3	3	
60	3	5	4	3	2	9	2	7	3	4	4	6	2	2	2	5	4	2	3	5	2	9	2	7	2	3	7	2	2	2	4	6	2	4	5	7	5	2	4	5	3	3	5	2	5	7	2	4	5	3	7	2	2	4	3	3	4	2	4	3	2	4	4	3	2	2	2	2	6	2	3	2	2	2	2	2	3	3	2	2	4	2	2	2	3	4	2	4	2	3	
61	3	2	5	4	5	9	2	8	3	4	4	6	2	5	4	3	3	6	2	9	2	7	2	3	7	2	2	2	4	6	2	4	5	7	2	5	2	4	5	3	3	5	2	7	7	2	5	5	3	7	2	2	3	3	3	4	2	5	4	3	2	4	3	2	2	2	2	6	3	3	2	2	2	3	2	2	2	2	2	2	3	2	3	3	3	
62	3	2	2	5	2	4	5	9	8	3	4	4	7	2	2	6	5	3	3	6	9	2	2	7	2	3	7	2	3	4	6	2	3	4	7	6	2	4	5	3	3	5	2	7	7	2	2	5	5	4	7	2	3	2	2	3	3	3	4	2	6	4	3	2	4	3	2	6	3	2	2	2	3	2	2	2	2	3	2	2	2	2	2	3	2	3	3	3	
63	3	2	5	2	4	5	2	9	8	3	5	3	7	3	2	6	5	3	3	6	2	9	2	7	2	3	7	2	2	4	6	2	4	4	7	4	3	3	4	5	3	5	2	7	7	2	2	5	5	4	7	2	3	2	2	3	3	4	4	2	2	6	4	2	3	2	4	4	2	5	2	3	2	2	2	3	2	3	2	2	2	2	3	3	2	3	3	3	
64	3	3	2	5	2	4	6	2	10	2	7	3	5	3	6	3	2	2	6	5	3	3	6	2	9	2	7	2	3	7	2	2	4	6	2	3	3	4	7	3	4	3	2	4	5	3	5	2	7	6	2	2	5	5	4	7	2	3	2	2	3	3	4	2	4	2	6	4	2	3	2	4	4	2	2	5	3	2	2	2	2	2	2	2	3	3	2	2	3	3	2	2	3	3	
65	3	3	2	5	2	4	6	2	10	2	2	6	3	5	3	6	5	2	2	5	5	3	6	2	9	7	2	3	7	2	2	4	6	2	3	3	4	7	3	5	2	5	2	3	4	2	7	6	2	2	5	5	3	7	2	2	2	3	3	4	2	5	4	2	3	4	4	2	2	5	2	2	3	2	2	2	3	2	2	2	2	3	3	5	2	2	3	3	2	2	3	3	
66	3	3	2	5	4	6	2	10	2	2	8	6	3	4	3	6	5	2	5	5	3	6	9	2	3	7	3	6	2	3	3	4	2	6	3	5	2	2	5	3	4	7	8	2	2	5	5	2	3	7	2	2	2	2	3	2	3	4	2	2	5	4	3	3	4	2	2	2	2	2	2	3	2	2	2	3	2	2	2	3	3	3	4	2	3	3	2	2	2	3	3	
67	3	3	2	5	2	4	6	2	2	9	2	8	6	3	4	3	7	6	5	2	4	5	3	9	3	3	7	3	2	6	2	3	3	4	7	3	5	2	2	2	5	3	4	2	7	8	2	5	3	5	2	3	7	2	2	2	2	3	2	3	4	2	5	4	3	3	4	2	2	2	2	2	3	2	2	3	2	2	2	4	3	3	4	2	2	3	3	3	2	2	2	
68	3	3	5	2	4	6	2	2	2	9	2	6	6	3	5	3	5	5	2	4	4	3	5	2	9	7	3	3	7	3	2	6	2	6	3	4	2	7	3	4	2	2	2	2	5	3	4	3	6	8	2	3	5	2	3	7	2	2	2	2	2	4	2	3	4	2	2	5	4	3	2	4	3	7	2	2	3	2	2	3	2	2	2	3	4	4	2	2	2	3	3	2	2	2	
69	3	3	2	5	2	4	6	2	2	2	8	2	6	6	3	2	5	3	6	5	4	4	3	5	2	7	7	3	3	2	7	3	2	2	6	2	6	3	4	2	7	3	4	2	2	2	2	5	3	3	4	6	8	2	10	3	5	2	3	6	2	2	2	2	4	2	3	4	2	4	2	4	3	2	3	3	2	2	2	3	2	2	2	3	2	2	2	3	4	4	2	2	2	2	2	3	3	2	2	
70	3	3	2	5	2	4	5	2	2	8	2	6	6	3	2	5	3	6	5	4	3	3	6	2	6	6	2	3	2	7	2	2	6	3	6	3	4	2	7	3	4	2	2	2	5	3	3	4	3	7	8	2	10	3	5	2	2	3	7	2	2	2	2	4	2	4	4	4	4	3	3	3	3	2	2	2	3	2	2	2	3	2	2	2	3	4	4	2	2	2	3	3	2	2	2	
71	3	4	3	3	5	2	4	5	2	2	9	2	6	6	3	2	5	3	8	5	5	2	4	3	3	6	6	3	3	2	7	2	2	6	3	6	3	4	2	8	4	4	2	2	2	5	2	3	4	3	7	8	2	9	3	5	2	2	3	7	2	2	2	2	4	2	4	4	2	3	3	3	3	3	2	2	2	3	2	2	2	2	2	2	3	3	4	4	2	2	2	2	3	2	2	2	2	
72	3	4	3	4	5	2	4	5	2	2	2	9	2	7	6	3	2	5	3	8	5	5	4	3	2	2	8	6	3	3	5	6	5	3	4	2	8	3	4	2	2	2	5	2	3	4	2	3	6	8	2	9	3	5	2	2	3	7	2	2	2	4	2	4	4	2	3	3	3	3	3	3	2	2	3	2	2	2	2	2	2	2	2	3	3	4	4	2	2	2	2	3	3	2	
73	3	4	3	4	5	2	4	2	2	2	8	7	6	3	2	5	3	7	5	5	4	3	2	8	6	3	3	5	6	5	3	4	2	7	5	4	2	2	5	2	3	4	2	3	6	8	2	10	3	5	3	2	7	2	2	4	2	4	3	4	4	2	3	3	3	3	3	2	2	3	2	2	2	2	2	2	3	3	4	4	2	3	2	2	2	3	3	2	
74	3	4	3	4	5	2	4	2	2	2	8	2	7	6	3	5	3	7	5	5	4	3	2	4	2	6	3	3	2	5	5	5	3	3	2	7	5	5	7	2	5	2	3	4	2	3	6	9	2	10	2	5	3	2	7	3	2	3	4	2	3	4	4	2	3	3	4	3	2	2	3	2	2	2	2	2	3	3	4	4	2	3	2	2	2	3	3	2	
75	3	4	3	4	5	2	4	4	2	2	8	2	7	6	3	4	3	8	5	6	4	3	2	4	2	6	3	3	2	5	4	2	5	5	3	3	2	7	5	4	2	7	2	5	2	2	4	4	2	2	7	9	10	2	5	3	2	7	2	3	4	3	4	4	2	2	2	3	3	3	3	2	2	3	2	2	2	2	2	3	3	4	4	3	2	2	2	2	3	3	2	
76	3	4	3	4	5	4	4	3	2	8	2	7	6	3	4	6	3	8	5	6	4	3	3	4	2	6	3	3	2	5	4	2	5	6	3	4	8	5	5	2	7	2	6	2	2	4	4	2	2	7	8	2	3	10	2	5	3	7	3	4	4	5	4	2	3	2	3	3	3	2	2	2	2	2	3	2	2	2	2	3	3	4	4	3	2	2	2	3	3	2	
77	3	4	3	4	5	4	4	3	2	2	8	2	7	6	3	4	6	4	8	5	6	2	4	3	3	4	2	7	3	3	2	5	4	2	5	6	3	8	4	5	2	7	2	6	2	4	4	2	2	7	8	2	2	10	3	5	3	7	4	2	4	3	5	4	2	2	3	3	3	3	2	3	2	3	2	2	2	2	2	3	3	3	4	2	3	2	2	2	2	2	3	2	2	
78	3	4	3	4	5	4	3	2	2	8	3	2	7	6	3	4	5	4	8	6	6	2	4	3	3	4	2	7	3	3	2	5	4	5	6	3	8	4	5	2	7	2	6	5	4	2	2	7	3	8	2	2	9	3	5	3	7	4	3	2	4	3	5	5	2	3	3	3	3	3	2	3	2	2	2	2	2	3	3	3	4	2	3	2	2	2	3	2	2	
79	3	4	3	4	5	4	3	2	2	7	3	7	6	3	4	4	4	9	6	6	4	3	3	4	2	2	7	3	3	2	6	3	5	6	9	4	5	2	7	2	5	2	4	4	2	2	7	3	7	2	3	9	3	5	7	4	3	2	2	4	3	5	5	2	3	3	3	3	4	2	3	2	2	3	2	3	3	3	4	2	2	3	2	2	2	3	2	
80	3	4	3	4	5	4	3	2	2	7	3	7	7	3	4	4	4	9	6	6	2	3	4	4	2	2	7	3	3	6	3	5	6	9	4	5	2	8	2	5	2	4	4	2	7	3	7	2	3	8	3	5	7	4	2	2	2	2	4	3	5	5	2	3	2	3	3	4	4	2	3	2	2	2	3	2	3	3	3	4	2	2	4	2	2	2	2	3	2	2	
81	3	4	3	4	4	3	2	2	7	3	7	7	3	3	4	4	9	6	6	2	3	4	4	2	2	7	3	2	6	3	5	6	9	4	5	2	8	2	4	8	2	4	4	2	3	7	3	8	3	5	7	4	3	2	2	4	3	5	5	2	2	2	2	3	3	4	4	4	2	2	2	2	2	3	2	3	3	4	3	3	2	2	4	2	2	2	2	3	2	2	
82	3	4	3	4	4	3	2	7	7	7	3	3	4	4	9	6	6	3	4	4	2	9	2	7	2	6	3	5	9	4	5	2	2	4	7	2	5	4	2	3	7	3	8	3	5	2	2	7	2	4	2	2	4	2	5	5	3	2	2	2	2	3	4	4	2	5	2	2	4	2	2	3	2	2	3	3	3	3	2	4	2	2	2	2	2	3	2	2	2	2	
83	3	4	3	4	3	2	7	8	7	3	3	4	4	9	6	6	2	4	4	4	2	2	8	2	2	7	2	6	3	6	9	2	4	5	3	4	7	2	5	4	2	2	4	7	3	8	3	5	2	2	6	2	3	2	2	2	4	2	5	5	3	2	2	3	2	2	3	4	4	2	4	2	4	2	2	2	3	2	2	2	3	3	3	3	4	2	4	3	2	2	3	2	2	2	
84	3	4	3	4	3	2	3	7	2	8	7	3	3	4	3	9	6	6	2	3	5	4	2	2	7	2	2	6	3	6	2	9	4	6	7	2	4	8	2	5	4	2	2	5	7	8	4	5	2	2	7	2	3	2	3	2	5	5	3	2	2	3	2	3	4	4	2	5	4	2	4	2	2	2	2	2	3	3	3	2	3	3	2	4	3	2	3	2	
85	3	4	3	4	4	2	4	7	3	8	7	3	3	4	3	9	6	6	3	5	4	4	2	2	7	2	2	6	3	6	2	9	4	6	7	2	4	2	5	4	2	2	7	4	7	3	8	4	5	2	7	2	3	2	4	2	5	5	3	2	3	3	4	4	2	5	4	2	4	2	2	2	2	2	2	3	3	2	3	3	2	4	2	3	2	3	2	2	
86	3	4	3	4	2	4	3	4	7	3	8	7	3	3	4	3	9	6	6	2	3	5	4	4	2	2	7	2	2	6	3	5	3	9	4	6	6	2	5	2	5	4	3	7	4	3	5	8	4	5	2	7	2	3	2	4	2	5	4	3	2	3	3	4	4	2	5	4	2	4	2	2	2	2	3	3	2	3	3	3	2	2	2	3	2	2	
87	3	4	3	4	2	3	3	4	6	2	9	7	3	4	3	9	7	6	3	5	4	4	2	2	7	2	2	6	3	5	3	2	9	4	6	6	5	2	4	4	3	7	4	3	5	8	5	5	2	7	3	2	4	2	5	3	2	2	2	3	2	3	3	2	4	4	5	4	2	4	2	2	2	2	2	3	3	2	3	3	2	3	2	2	
88	3	4	3	4	3	4	3	4	6	2	9	7	3	4	3	9	8	6	3	5	4	4	2	2	7	2	2	6	3	2	2	5	2	2	9	4	6	6	2	5	2	4	4	2	3	7	4	6	3	8	5	7	3	5	2	2	4	3	2	2	3	2	3	3	4	4	5	4	4	2	3	2	2	2	2	2	2	3	2	3	3	2	3	2	
89	3	3	3	4	3	4	3	4	6	2	3	9	7	3	4	3	9	8	6	3	5	4	4	2	7	2	3	6	3	2	5	2	2	9	4	6	2	5	2	5	2	4	4	2	3	7	4	6	3	8	5	7	3	5	2	2	4	3	2	2	3	2	3	3	4	2	4	5	4	4	2	3	2	2	2	2	2	3	2	3	3	2	2	2	3	3	2	4	2	
90	3	3	3	4	3	4	2	3	6	3	2	9	7	3	4	5	9	8	6	2	3	5	4	4	7	2	3	6	3	2	4	5	2	2	9	4	5	2	8	2	5	2	4	4	3	7	4	6	4	7	5	7	3	2	4	3	5	3	2	3	2	3	3	4	2	4	5	5	4	2	2	2	2	3	2	3	3	2	2	3	3	2	4	2	
91	3	3	5	3	4	2	3	6	3	2	7	3	4	5	9	8	6	2	7	3	5	5	4	2	7	2	2	7	3	2	4	5	2	2	2	2	2	9	4	4	8	2	5	2	4	3	3	7	5	7	4	7	5	7	4	4	3	5	3	2	3	2	3	3	4	2	4	4	5	4	2	2	2	3	2	3	3	2	3	3	4	2	
92	3	3	5	3	4	3	3	6	2	2	2	8	3	4	5	9	8	6	7	3	5	5	4	2	2	7	2	2	7	3	4	5	2	2	2	3	2	9	4	5	8	2	2	2	2	4	3	2	3	7	4	7	4	7	5	8	3	4	3	5	3	3	2	2	3	3	3	2	4	4	5	4	2	2	3	3	2	3	3	4	2	3	3	4	
93	3	3	5	2	3	4	2	3	6	2	2	2	9	3	4	5	9	8	6	7	3	4	4	4	2	7	2	7	3	4	2	2	3	2	9	4	5	8	2	2	2	4	3	2	3	7	4	7	4	6	6	8	3	4	3	5	3	2	2	3	2	2	3	3	3	2	4	4	5	4	2	3	2	3	3	2	3	3	2	4	3	5	3	
94	3	3	5	2	4	4	6	2	2	2	9	3	4	5	9	8	6	7	4	4	4	2	7	2	7	3	4	2	3	9	4	5	8	2	2	2	4	3	3	7	2	4	4	6	6	6	2	8	3	4	3	4	3	2	3	2	3	3	2	3	3	2	5	3	2	5	4	2	3	2	3	3	2	2	3	3	2	2	4	3	5	3	
95	4	4	5	5	4	4	6	2	2	2	8	2	3	4	6	9	8	6	8	4	5	4	2	7	2	2	7	3	3	2	4	3	8	4	5	8	2	2	5	3	2	3	7	2	7	4	6	6	2	8	3	2	3	3	4	3	5	2	2	2	3	3	2	3	3	2	5	3	2	4	5	4	2	2	3	3	2	2	3	2	2	3	3	2	4	3	4	3	2	
96	4	4	5	2	5	4	4	5	2	2	2	7	2	3	4	6	9	8	8	8	4	5	4	2	7	2	2	7	3	4	2	4	3	8	4	4	8	2	5	3	2	3	7	3	7	6	6	2	4	3	8	3	2	3	3	5	3	5	2	2	2	3	3	2	2	3	3	2	5	3	2	2	4	5	4	2	2	3	3	2	3	2	2	3	3	2	4	4	3	2	
97	4	2	4	6	2	5	4	4	5	2	7	2	3	4	4	6	9	8	9	8	4	5	4	2	7	2	2	7	3	4	3	3	8	4	4	6	2	5	3	2	3	7	3	7	6	6	2	4	4	8	3	3	3	5	3	5	2	2	2	3	3	2	3	3	2	5	2	3	2	2	4	6	4	3	2	3	3	2	2	3	2	3	4	2	2	4	4	3	2	2	
98	4	2	4	6	5	4	4	5	7	2	4	4	4	6	9	8	10	4	5	4	8	2	6	7	3	4	3	2	8	4	4	5	3	2	2	3	7	3	7	7	7	5	2	4	4	8	3	2	2	3	3	4	3	5	2	2	2	3	3	2	3	3	2	5	2	3	6	4	4	3	3	2	3	3	3	2	3	4	2	2	4	4	3	2	2	
99	3	2	4	5	5	4	4	5	7	2	4	4	6	9	8	10	8	4	5	4	8	2	6	2	7	3	4	3	3	2	8	5	4	2	5	3	2	2	3	7	3	5	6	7	5	4	2	9	3	2	2	3	4	3	5	2	2	2	2	3	3	2	3	3	5	2	3	2	4	6	4	4	3	3	2	3	3	2	3	3	4	2	4	4	2	2	2	2	
100	3	2	4	5	2	5	4	4	6	5	8	2	4	4	6	8	8	10	8	4	5	4	8	2	7	2	6	3	4	3	3	9	5	4	2	5	3	2	3	7	3	6	6	5	4	2	9	3	2	2	3	5	3	5	2	2	2	3	3	2	3	3	5	2	2	3	2	6	4	2	4	3	2	3	3	3	2	3	3	4	2	4	2	4	2	2	2	
101	3	2	4	5	2	5	4	4	6	3	5	2	8	2	4	4	6	9	8	10	8	4	5	4	8	7	2	6	3	4	3	2	3	9	4	4	2	5	3	2	2	3	7	3	6	6	5	4	2	9	3	2	2	2	3	5	3	5	2	2	2	2	3	3	2	3	3	5	2	2	3	2	6	4	2	4	3	2	3	3	3	2	2	3	4	4	2	4	2	2	2	2	
102	3	3	4	5	2	5	4	4	6	3	5	2	2	8	4	4	6	9	8	10	8	4	5	4	8	7	2	6	3	3	4	3	2	3	9	4	4	2	5	3	2	2	3	7	3	6	6	7	4	2	8	3	2	3	5	3	2	2	2	4	4	2	3	3	2	3	3	5	2	2	3	2	6	4	4	3	2	3	2	3	2	2	3	4	2	2	5	2	2	2	
103	3	3	4	5	2	5	4	9	4	6	3	5	2	2	8	4	4	5	8	8	10	8	4	5	4	3	7	7	6	3	3	4	3	2	3	9	4	3	2	5	3	2	2	3	7	3	6	6	4	2	2	8	3	2	3	5	3	2	2	4	4	2	3	2	2	3	3	2	5	2	2	3	2	3	4	3	2	3	2	3	2	2	3	2	4	2	2	5	2	2	3	2	2	
104	3	4	5	2	5	4	9	2	4	6	3	5	2	8	4	4	5	8	8	10	2	8	4	5	4	3	6	7	3	3	4	4	3	2	3	9	5	3	7	2	5	3	2	2	3	7	3	6	6	4	2	2	8	3	3	5	3	2	2	4	4	2	3	2	2	3	3	2	5	2	3	2	3	4	3	3	2	3	2	2	2	3	2	4	2	2	5	2	3	2	2	
105	3	4	6	2	5	4	9	2	4	6	3	5	6	2	9	4	4	5	8	8	9	2	8	4	4	4	3	8	6	2	7	3	3	4	4	2	3	9	5	3	3	5	3	2	2	3	7	3	6	6	2	2	3	2	2	7	3	3	5	3	2	2	4	4	2	2	3	2	3	2	2	3	2	2	3	4	3	3	3	2	3	2	2	3	2	4	2	5	2	3	2	2	
106	3	4	6	2	5	3	9	2	4	6	2	5	6	2	9	4	5	5	8	8	8	2	8	4	4	4	2	8	6	3	2	7	3	3	4	4	2	3	8	4	3	2	5	3	2	2	3	7	3	6	6	2	3	2	7	6	3	2	3	5	3	2	2	5	4	2	3	3	2	3	3	2	2	2	3	2	3	4	3	3	3	2	3	2	2	3	4	2	3	2	
107	3	4	6	2	5	3	4	6	5	6	2	9	4	5	6	8	8	7	2	8	4	4	4	2	8	2	6	3	2	7	4	3	4	3	3	8	4	3	2	5	3	2	2	3	7	3	6	7	8	2	3	2	7	3	3	5	3	2	2	5	3	3	2	2	3	3	2	2	2	2	3	2	5	4	3	3	3	2	3	2	2	3	2	4	2	5	3	2	
108	3	4	4	6	2	5	3	4	6	5	7	2	9	4	5	7	8	8	7	2	8	4	4	2	2	8	6	3	3	7	4	3	4	3	8	5	3	2	2	5	3	2	3	4	7	3	2	6	7	8	2	3	2	7	5	3	5	3	2	2	5	3	2	2	2	4	3	2	2	2	2	2	7	4	3	3	2	3	2	2	2	4	2	2	5	2	3	2	
109	3	4	4	6	2	5	3	4	6	5	7	2	9	2	4	5	7	8	8	7	2	8	4	2	2	8	6	3	4	7	4	3	4	3	2	9	6	3	2	2	5	3	2	3	4	7	3	2	6	6	2	8	2	3	2	7	4	3	5	3	2	2	4	3	3	2	2	4	3	2	2	2	3	2	2	7	3	3	3	2	3	2	2	4	5	2	2	2	
110	3	4	4	5	5	3	5	6	5	7	2	9	2	4	5	7	8	8	7	2	8	4	2	8	6	2	3	7	4	3	4	3	2	9	6	3	5	3	2	3	4	7	3	2	6	6	2	8	2	3	7	3	3	5	3	2	3	3	3	3	2	4	3	2	2	4	2	2	7	3	2	3	3	2	3	2	3	2	5	2	2	
111	3	4	4	5	5	3	5	5	4	7	2	9	2	4	5	7	8	9	7	4	2	2	6	2	3	7	4	3	4	3	2	9	6	5	3	5	3	2	2	3	4	7	3	2	6	7	6	8	2	3	8	3	3	5	3	2	2	3	3	3	2	2	4	3	2	2	2	4	2	2	7	3	2	3	3	2	3	2	2	2	4	2	5	2	2	2	
112	3	4	4	5	2	3	5	5	4	6	9	2	4	5	6	8	9	6	2	4	2	6	3	7	4	3	4	3	2	9	7	5	4	5	3	2	2	3	3	7	3	4	2	6	7	6	8	2	3	2	3	8	3	3	6	3	2	2	3	3	3	2	2	4	4	2	2	2	4	2	2	7	3	2	3	2	3	3	2	2	4	2	5	2	2	
113	3	4	4	5	2	3	5	6	3	6	9	2	4	5	6	8	9	7	2	4	2	6	3	7	4	3	4	3	2	9	2	7	5	4	5	3	2	2	2	3	7	3	4	2	6	7	6	8	3	2	2	7	3	3	6	3	2	2	3	3	2	2	4	4	2	4	2	2	6	3	2	2	3	2	3	3	3	2	2	2	4	2	5	2	2	
114	3	4	5	6	2	7	3	4	6	3	6	9	2	4	5	8	9	7	2	2	6	2	3	7	4	3	4	3	2	9	2	7	5	4	5	2	2	2	3	7	2	3	6	7	5	9	2	2	8	3	3	6	4	2	3	3	2	2	4	4	3	4	2	2	6	3	2	3	3	2	3	3	3	2	2	2	2	4	2	2	5	2	2	2	
115	3	4	5	5	2	3	4	5	3	6	2	9	2	4	5	6	8	9	7	2	2	6	2	2	7	4	3	3	3	2	2	9	7	6	5	4	7	2	5	2	2	4	2	3	2	6	7	8	2	2	8	3	3	3	6	4	3	3	2	4	3	3	4	2	2	6	3	2	3	3	3	2	3	2	3	3	2	2	2	2	4	2	2	2	5	2	2	
116	3	4	5	5	2	3	4	6	2	6	2	9	2	4	5	6	7	10	7	2	2	7	2	7	4	3	2	3	2	2	9	6	7	5	4	7	3	5	2	2	4	2	3	6	7	9	2	7	3	3	3	6	4	3	3	2	2	4	3	3	3	2	2	6	3	2	3	3	3	2	3	2	3	3	2	2	2	3	2	2	2	5	2	2	2	
117	3	4	5	5	2	3	4	6	2	6	2	2	9	5	5	6	7	10	7	2	2	7	7	2	2	7	4	3	3	2	2	2	2	2	9	2	6	7	4	3	5	2	2	4	6	3	6	7	9	2	7	3	2	3	3	5	4	2	3	3	2	2	4	3	3	2	3	2	6	3	2	3	3	3	2	3	2	3	3	2	2	2	3	2	2	2	5	2	
118	3	4	5	5	3	5	6	2	6	2	9	5	5	6	7	9	6	2	7	7	2	3	7	4	3	3	4	2	2	10	2	6	7	4	3	5	2	2	4	5	3	6	7	8	2	7	3	2	2	3	4	5	4	2	3	3	2	2	2	4	3	3	3	2	5	3	3	3	2	4	2	2	2	3	2	2	2	3	2	2	3	5	2	2	
119	3	4	5	5	3	6	6	2	6	2	8	5	5	6	7	9	6	2	7	2	7	2	3	7	3	3	3	5	4	3	10	5	7	3	5	2	2	4	7	3	6	7	8	2	7	3	2	2	3	4	5	4	3	3	3	4	2	2	2	4	3	3	3	2	4	3	3	3	2	2	2	2	2	3	2	2	3	2	2	5	2	2	2	2	
120	3	4	5	5	2	3	4	6	2	6	2	8	5	5	6	8	5	8	2	2	8	2	7	2	3	7	3	3	3	5	3	3	5	10	2	5	7	3	5	2	2	4	7	3	5	7	9	7	3	2	2	3	4	5	4	3	2	3	4	2	2	4	3	3	3	4	3	2	3	3	2	2	2	2	3	2	2	2	3	3	2	2	5	2	2	2	2	2	2	2	2	
121	4	4	5	5	2	3	4	2	6	2	6	2	8	5	5	6	8	5	8	2	8	2	6	3	8	3	3	3	5	3	10	3	5	7	4	5	2	2	4	7	3	5	7	2	9	7	3	2	2	3	3	5	4	3	2	3	4	2	2	2	4	3	3	2	3	5	3	2	4	3	2	3	2	3	2	2	3	2	3	2	5	2	2	2	2	2	
122	4	4	5	5	2	2	3	4	2	6	2	6	2	2	8	5	5	6	8	4	8	2	2	6	3	8	3	3	3	5	3	3	2	10	2	3	6	7	7	4	3	2	2	3	7	3	2	5	7	9	2	7	3	2	2	3	4	5	4	3	2	3	4	2	2	4	3	3	3	5	2	3	2	4	3	2	3	2	3	2	2	3	2	2	3	2	5	2	2	2	2	
123	4	4	5	5	2	2	3	4	3	6	2	8	5	5	6	8	4	8	2	8	2	6	3	8	3	3	3	5	2	4	10	3	6	7	4	3	2	3	7	3	2	2	5	5	7	9	2	7	3	3	4	6	4	4	2	3	4	2	2	2	4	3	3	2	3	5	2	3	2	4	3	2	3	2	2	2	3	2	2	3	2	5	2	2	2	2	2	
124	4	4	5	5	2	2	3	6	3	6	2	7	5	5	6	8	4	7	7	8	2	3	8	3	3	3	5	2	4	10	2	3	5	6	4	3	2	7	3	2	2	5	5	9	3	7	5	3	3	4	6	5	4	2	3	4	2	2	2	3	3	3	2	3	6	2	4	2	4	3	2	2	2	2	2	2	2	3	3	2	5	2	2	2	2	2	
125	4	4	5	5	2	2	3	5	3	2	7	5	5	6	8	7	7	8	3	8	3	3	3	5	2	5	2	10	2	3	5	6	4	3	2	7	3	4	3	2	5	5	2	9	3	3	7	5	3	3	4	6	5	4	3	2	2	3	3	5	3	2	3	5	2	4	4	3	2	2	2	2	2	2	2	2	3	3	3	2	5	2	2	2	
126	5	4	4	5	2	3	5	6	3	2	7	5	5	6	8	7	7	8	2	3	8	3	3	3	5	2	5	2	10	2	3	5	4	4	3	2	7	4	3	5	5	9	3	7	6	5	3	3	4	6	5	4	3	4	2	2	2	3	3	5	3	2	2	3	5	2	4	4	3	2	2	2	2	2	3	2	3	2	2	2	2	2	2	2	2	
127	5	4	4	5	3	5	6	3	3	7	4	5	6	8	2	7	2	2	7	2	4	3	8	3	3	3	5	2	5	2	10	2	3	4	7	4	4	3	2	7	4	3	5	5	9	3	7	6	5	3	3	4	6	5	3	3	2	3	5	2	2	3	5	2	3	4	3	2	2	2	2	2	2	3	2	3	2	2	2	2	2	2	2	2	2	2	
128	4	3	6	5	3	5	6	2	3	3	7	4	5	6	8	7	2	2	7	8	2	4	8	3	3	3	6	2	5	2	10	2	3	4	4	4	3	2	7	3	3	3	2	5	5	9	3	7	6	5	3	3	3	4	5	3	3	3	5	2	3	5	2	3	4	3	2	2	2	2	2	2	2	3	2	3	2	2	2	2	2	2	2	2	2	
129	5	3	6	5	3	5	6	2	3	4	3	7	2	4	5	6	8	7	2	7	8	4	8	3	3	3	6	5	2	10	2	3	4	4	3	3	2	7	3	3	2	5	5	2	9	3	8	6	5	3	2	3	3	3	4	5	3	3	3	5	2	3	4	2	4	4	3	2	2	2	3	2	3	2	2	3	2	2	2	2	2	2	2	
130	5	3	6	5	3	5	6	2	3	3	3	7	2	4	5	6	8	7	2	7	9	2	4	8	3	3	3	6	5	2	2	10	3	3	6	4	3	7	3	3	2	5	8	2	9	2	3	8	6	5	3	2	3	3	3	4	5	2	3	3	2	2	3	5	2	3	4	4	4	3	2	2	2	3	2	3	2	2	3	2	2	2	2	2	2	
131	4	3	6	5	3	5	6	2	3	3	7	2	4	5	6	8	7	7	10	2	4	9	3	3	6	5	2	2	10	3	3	6	2	3	3	2	7	3	3	2	5	9	2	9	3	8	5	3	2	2	2	3	3	4	5	2	3	2	3	2	2	3	5	3	2	2	3	4	4	3	3	2	2	2	3	2	2	3	2	2	3	2	2	5	2	2	2	
132	4	3	6	5	2	3	5	6	2	3	3	7	2	3	5	6	7	7	7	10	2	10	3	3	6	5	2	11	3	3	6	2	3	4	2	2	7	3	3	2	5	8	9	2	8	5	3	3	3	3	5	2	3	3	2	4	5	3	2	3	2	4	2	4	3	3	2	2	2	3	2	2	2	3	3	2	3	2	2	5	2	2	2	2	2	
133	5	3	6	5	3	5	9	6	2	3	7	2	2	5	5	7	7	8	10	9	2	3	6	5	2	11	2	3	6	2	3	4	2	2	7	2	3	3	5	8	9	2	5	3	3	3	3	3	5	2	2	3	3	2	4	5	3	2	4	2	4	3	3	3	2	2	2	2	3	2	2	2	2	3	3	3	2	2	2	5	2	2	2	2	2	2	
134	5	3	6	5	3	5	8	6	2	3	2	6	2	3	5	5	2	7	3	7	8	10	2	9	2	3	6	5	2	11	2	3	6	2	3	4	2	2	2	7	3	3	5	8	2	2	8	5	3	3	2	3	3	3	5	3	2	3	2	2	4	5	3	4	2	3	3	3	3	2	2	2	2	2	3	2	2	2	3	3	3	2	2	2	2	5	2	2	2	2	2	
135	5	3	6	5	3	5	9	6	3	2	5	2	3	5	5	2	7	3	8	8	2	10	2	8	2	3	2	6	5	3	2	11	2	3	6	2	4	4	2	7	3	3	5	6	8	2	8	2	3	3	2	2	3	3	3	3	2	3	3	2	3	2	2	5	4	5	3	4	2	3	3	3	3	3	2	2	2	2	3	2	2	2	3	3	2	2	2	5	2	2	2	2	
136	6	3	6	6	3	5	6	3	2	5	3	3	5	5	7	3	8	8	2	10	2	8	2	3	2	6	5	2	11	2	3	6	4	4	2	7	3	3	5	6	8	2	9	3	3	2	3	3	3	3	3	3	2	3	2	4	4	5	2	3	7	4	3	3	3	3	3	2	2	3	2	2	3	3	2	2	5	2	2	2	2	2	2	
137	5	3	6	6	3	9	6	3	2	6	4	2	5	5	9	7	5	8	10	2	7	2	3	2	5	5	2	11	2	3	6	4	4	7	3	2	2	5	6	2	9	3	3	3	3	3	3	2	2	3	2	3	2	3	2	4	4	5	2	3	7	3	4	3	3	3	2	2	2	3	4	3	3	2	2	2	5	2	2	2	2	2	2	
138	5	3	6	6	3	9	6	3	2	2	6	4	2	5	4	9	7	5	8	4	10	2	8	2	3	2	5	5	2	2	11	2	7	4	4	2	6	2	2	5	6	2	9	3	3	2	3	3	3	3	2	4	3	2	3	4	4	4	3	7	3	4	3	3	2	2	2	2	2	3	4	3	3	2	2	2	5	2	2	2	2	2	
139	6	3	6	6	3	9	6	2	4	2	6	4	5	5	9	7	2	5	8	10	8	2	3	2	5	5	2	2	11	2	3	7	4	4	2	2	2	6	3	2	5	3	9	5	4	2	3	2	3	3	3	3	2	4	3	2	3	4	4	4	2	3	7	4	3	3	2	2	2	2	2	2	3	4	3	3	2	2	2	2	5	2	2	2	2	
140	5	3	6	6	3	9	6	2	4	2	8	3	5	5	9	7	3	5	8	10	2	8	2	3	2	5	5	2	2	11	2	3	7	4	4	2	2	6	4	2	2	5	2	3	9	5	4	2	2	2	3	3	3	3	2	2	4	3	2	3	3	4	4	2	3	7	2	4	3	3	2	2	2	2	2	2	3	4	3	2	3	2	2	2	2	5	2	2	2	
141	5	3	6	6	4	9	2	2	4	2	8	3	3	5	5	9	7	3	5	8	2	10	10	2	3	2	5	5	2	2	10	2	3	7	4	2	4	2	3	2	6	4	2	2	5	2	3	9	2	6	4	2	4	2	3	3	3	3	3	4	3	2	2	3	4	3	2	3	7	2	3	4	2	3	2	3	2	2	2	2	2	2	3	4	3	2	3	2	2	2	5	2	2	2	
142	5	3	6	5	4	9	2	4	4	2	7	3	5	5	9	7	3	3	5	8	11	7	2	3	2	5	6	5	2	2	2	10	2	3	6	8	4	2	4	2	4	2	5	2	3	9	2	4	3	3	2	2	2	3	3	4	3	2	3	4	3	2	2	3	4	2	3	7	2	3	4	3	2	3	2	2	2	2	2	3	4	3	2	3	2	2	2	2	5	2	2	2	
143	5	3	6	4	2	4	2	4	4	2	7	3	5	6	9	7	3	2	4	8	11	7	2	2	3	2	5	5	5	2	2	10	2	3	6	8	5	2	3	2	2	4	2	5	2	8	3	9	2	4	3	3	2	2	2	3	3	4	5	2	3	4	3	2	2	3	2	3	4	2	3	7	2	2	3	4	3	2	3	2	2	2	2	2	2	3	5	2	3	3	2	2	5	2	2	
144	5	3	6	4	2	4	2	4	2	7	4	5	6	8	7	3	3	5	8	12	7	2	2	3	3	5	5	2	2	10	2	3	6	2	8	5	2	3	3	4	4	5	8	3	9	3	3	2	2	2	3	3	2	4	5	2	3	4	3	2	2	3	3	3	3	2	3	7	2	2	3	4	3	3	6	2	2	2	2	2	3	5	3	3	2	2	2	
145	5	3	5	4	4	9	2	2	4	2	7	4	5	6	7	7	3	3	5	8	10	7	2	2	3	3	5	5	2	10	2	3	6	2	8	5	2	3	3	4	4	5	2	9	2	3	3	2	2	3	3	3	4	5	2	3	4	3	2	3	5	3	3	3	3	3	7	2	2	5	3	3	6	2	2	2	2	2	3	5	3	2	2	2	2	2	
146	6	3	5	4	3	4	9	2	2	4	4	7	4	5	6	8	7	3	3	5	8	7	2	9	3	3	5	5	2	10	2	3	6	2	8	5	2	3	2	3	4	5	5	2	9	2	3	4	3	3	4	5	2	3	4	3	2	3	4	2	3	3	3	3	7	2	2	4	3	3	6	2	2	2	2	2	2	3	5	3	2	2	2	2	2	2	
147	6	3	6	4	2	2	4	9	2	2	4	4	7	4	2	5	6	8	7	3	3	5	8	2	7	2	10	3	3	5	5	2	2	10	2	3	7	2	7	5	2	3	2	3	4	4	5	9	2	3	4	3	3	4	6	2	3	4	3	2	3	3	4	2	3	3	3	3	7	2	4	3	4	6	2	2	2	2	2	3	5	3	2	2	2	2	2	
148	6	3	5	4	2	2	4	6	9	2	2	4	8	4	2	5	6	8	2	7	3	3	5	8	2	7	4	3	9	3	3	5	5	2	2	10	2	3	7	2	6	4	3	2	2	4	4	5	2	9	2	3	4	3	3	4	6	3	4	3	3	3	3	4	2	3	3	3	3	7	2	2	4	3	4	6	2	2	2	2	2	3	3	2	2	2	2	
149	6	3	5	4	2	4	6	9	2	2	4	7	4	2	6	8	7	3	3	5	8	2	7	4	2	10	3	3	5	2	2	4	10	2	3	7	2	6	4	4	2	4	4	5	4	2	9	2	3	4	2	3	3	4	6	4	3	3	2	3	2	3	3	3	7	2	2	4	2	3	4	6	4	2	2	2	3	2	3	2	3	2	2	2	2	
150	6	3	6	4	2	4	6	9	2	4	6	2	6	9	2	7	3	3	5	8	2	8	2	10	3	3	6	2	4	10	2	3	9	6	2	4	4	2	4	4	5	3	4	2	9	2	3	4	2	3	3	4	6	4	3	3	2	2	4	3	3	3	7	2	2	2	4	2	3	4	6	4	2	2	2	3	2	3	2	3	2	2	2	2	2	
151	6	3	6	5	2	4	6	9	7	4	2	6	2	6	9	4	7	3	3	5	8	2	8	10	3	3	5	6	2	2	4	10	2	3	8	2	6	2	4	2	4	4	5	3	4	2	9	2	4	2	3	3	4	6	3	3	3	2	3	5	3	3	3	7	2	2	4	2	3	4	6	2	2	2	2	3	3	2	2	2	2	2	
152	3	6	5	2	4	4	6	8	7	4	2	5	3	6	9	5	7	3	3	5	7	2	8	10	3	3	6	3	2	4	10	2	3	8	2	6	2	3	2	4	4	5	3	4	2	9	7	4	2	2	3	3	2	4	6	2	3	3	3	2	2	3	3	3	3	7	2	4	2	3	4	4	2	2	2	2	3	3	2	2	2	2	2	2	2	
153	4	5	5	2	4	4	6	8	7	4	2	5	6	10	5	7	3	3	5	8	2	8	10	3	3	6	3	2	4	10	2	3	8	6	2	3	2	4	5	5	3	9	7	2	4	2	2	3	3	2	4	2	6	3	3	3	3	2	2	3	3	2	3	7	2	2	4	2	3	4	3	2	2	2	2	3	3	2	2	2	2	2	2	
154	4	5	5	2	4	4	8	7	3	5	6	10	5	7	2	3	3	5	8	2	8	10	3	3	2	6	2	4	10	2	3	8	8	2	3	3	2	4	6	5	3	2	8	7	2	4	2	2	2	3	3	4	2	6	3	3	3	3	2	2	4	2	3	2	3	7	2	2	2	4	2	3	4	3	2	2	2	2	3	5	3	2	2	2	2	
155	4	5	5	2	4	6	8	7	3	2	5	2	6	10	5	7	2	3	3	8	2	8	4	10	3	3	2	6	2	4	9	3	9	8	2	3	2	2	4	5	5	3	2	8	7	2	4	2	2	2	3	3	4	2	6	3	3	3	2	3	2	4	3	3	8	2	4	2	4	2	3	4	3	2	2	3	2	2	3	5	2	2	2	2	2	2	
156	6	5	5	5	2	6	8	7	3	2	6	2	6	10	6	7	3	3	7	2	8	4	10	3	3	2	6	2	4	2	9	3	9	10	6	2	3	2	2	4	5	5	3	2	8	7	2	4	2	2	3	3	4	2	6	3	3	3	2	4	3	2	2	4	2	3	2	3	3	3	2	3	3	3	2	2	2	2	5	2	2	2	2	2	2	2	
157	6	5	6	5	2	5	8	7	3	6	3	2	5	10	6	7	4	3	7	2	8	4	10	3	3	2	6	4	12	3	10	9	6	3	2	2	4	6	5	3	2	8	7	2	3	2	2	3	3	2	4	2	6	3	3	3	4	3	2	2	4	2	3	2	3	3	3	2	3	3	3	2	2	2	2	5	2	2	2	2	2	2	2	2	2	
158	6	5	6	5	5	8	7	4	7	3	5	10	5	7	4	4	7	2	8	4	10	3	3	2	4	4	12	3	9	9	6	3	2	4	6	5	3	2	7	7	2	4	2	3	3	2	4	2	6	3	3	3	2	4	3	2	4	2	4	3	3	3	2	3	3	3	2	2	2	2	5	2	2	2	2	2	2	2	
159	6	5	5	5	5	9	7	4	7	3	2	5	10	6	7	4	4	7	2	8	4	10	3	3	2	5	2	4	2	12	3	10	9	5	4	3	5	5	2	3	6	7	7	2	4	2	3	3	2	4	2	6	3	3	3	2	2	4	3	2	2	4	2	3	3	3	3	2	3	3	3	2	2	2	2	2	2	2	2	2	
160	6	5	5	5	6	9	7	4	7	3	5	10	6	7	4	4	7	2	8	4	10	3	3	2	5	2	4	2	12	3	11	9	5	4	2	2	5	5	2	3	2	6	8	7	2	4	2	3	3	4	2	6	2	3	3	3	2	2	4	2	2	4	2	3	3	3	3	3	3	3	2	2	2	2	3	2	2	2	
161	6	5	4	5	7	9	7	4	7	3	5	10	6	7	4	2	3	7	2	8	4	10	3	3	2	5	2	13	3	11	9	5	3	3	2	5	5	3	2	4	8	7	2	4	2	3	3	4	3	6	2	3	3	3	2	2	2	2	4	2	2	4	2	3	3	3	3	3	3	3	2	2	2	3	2	2	2	2	
162	6	5	4	5	7	5	8	7	4	8	3	5	10	6	7	4	2	3	7	2	8	4	2	10	3	3	2	5	2	4	2	13	3	10	9	5	3	2	5	5	3	2	8	7	2	4	3	3	4	3	6	2	3	3	3	2	2	2	3	2	4	2	3	3	4	3	3	3	3	2	2	2	2	3	2	2	2	2	2	
163	6	5	4	5	7	5	8	7	4	8	2	5	10	8	6	3	2	3	7	2	8	4	2	10	3	3	2	5	2	2	13	10	8	5	2	3	3	3	6	5	2	3	2	7	6	2	3	2	2	3	3	4	3	6	2	3	3	3	2	2	4	2	4	2	3	3	4	3	2	3	3	2	2	2	2	2	2	3	2	2	2	2	2	
164	6	4	4	5	7	5	8	7	4	8	2	4	10	8	5	3	2	3	7	2	8	4	2	9	3	3	2	5	2	2	12	10	9	5	2	3	3	3	2	6	5	2	3	2	7	7	2	3	2	3	3	4	3	6	3	3	3	2	2	2	4	2	2	4	2	3	3	4	3	2	3	3	2	2	2	2	2	2	3	2	2	2	3	2	2	
165	6	3	4	5	6	6	8	7	4	8	2	4	10	8	5	3	2	3	7	2	8	4	2	9	2	3	3	3	5	2	2	12	11	9	5	3	3	2	2	6	5	2	3	2	6	7	2	3	2	3	3	4	3	6	3	3	3	2	2	2	4	4	4	3	4	3	2	3	3	2	2	2	2	3	3	2	2	
166	6	3	4	5	6	6	8	7	4	2	9	2	4	10	8	5	3	2	3	7	8	4	10	2	3	2	3	3	5	2	2	12	11	9	5	3	3	2	2	6	5	2	3	7	7	2	3	2	2	3	3	4	3	6	3	3	3	2	2	4	2	4	3	3	4	3	2	4	3	2	2	2	2	2	3	3	2	2	
167	6	3	5	4	6	6	8	7	4	2	8	2	4	10	8	6	3	2	3	7	8	4	10	3	2	3	3	5	2	2	12	11	9	5	3	3	2	2	6	5	2	3	2	8	7	2	3	2	2	3	3	4	3	6	3	3	3	2	2	3	2	4	3	3	4	3	2	4	3	2	2	2	2	2	2	3	2	3	2	2	
168	6	3	5	4	6	5	8	7	3	8	4	10	8	6	3	2	3	7	8	10	3	2	3	2	5	2	2	12	10	10	5	3	2	3	2	2	6	5	2	2	8	7	2	3	2	2	3	3	4	3	6	2	3	3	3	5	2	3	3	4	3	3	4	3	2	4	2	2	2	2	2	2	3	2	3	2	3	2	
169	6	3	5	4	6	5	8	7	3	2	8	2	2	4	9	8	7	3	2	3	7	4	8	10	3	2	3	2	5	2	2	12	9	9	5	3	2	3	2	6	5	2	2	2	6	7	2	2	2	3	3	4	3	4	3	3	3	4	3	3	4	2	3	3	4	3	2	4	2	2	2	2	2	2	3	2	2	2	3	2	3	2	2	2	
170	6	4	4	4	6	5	8	7	3	8	2	4	9	8	7	3	3	7	2	4	8	10	3	2	3	2	5	2	3	3	13	11	9	5	3	2	3	2	3	6	5	2	2	2	6	8	2	3	2	2	3	3	4	3	4	2	3	3	3	4	2	3	2	3	4	2	3	4	4	3	2	4	2	2	2	2	2	2	2	3	2	2	2	3	3	2	2	2	
171	6	4	4	3	6	5	8	7	8	2	4	8	6	3	3	6	8	2	8	11	3	3	2	5	3	4	13	11	9	5	3	2	2	3	6	5	2	2	2	6	8	2	3	2	2	3	4	3	3	4	2	3	3	4	2	2	2	3	2	3	3	4	2	3	4	4	3	2	2	2	2	2	3	2	2	2	3	2	3	2	2	2	2	2	
172	6	4	4	3	6	5	8	7	8	5	8	6	3	2	3	6	8	2	6	8	5	4	11	4	2	3	2	5	3	4	13	11	10	3	2	3	6	5	2	2	2	7	8	2	2	3	4	3	3	5	2	3	3	4	2	2	3	2	3	4	2	3	4	4	3	2	2	2	2	2	2	3	2	3	2	3	2	2	2	2	2	
173	6	4	4	3	5	5	8	7	8	2	5	8	7	3	3	6	8	2	2	6	8	5	4	12	3	2	3	5	3	4	12	11	11	3	2	3	6	5	2	7	8	2	2	3	4	3	3	4	2	3	4	3	2	3	2	3	4	3	2	4	3	3	2	2	2	2	3	2	3	2	3	2	2	2	2	
174	6	4	4	2	5	5	8	7	12	8	5	8	7	3	3	6	8	2	6	8	5	4	2	3	2	3	5	5	2	3	4	12	11	11	3	2	3	6	4	2	2	7	7	2	2	2	4	4	3	4	2	3	4	2	3	2	3	2	3	4	3	2	4	3	2	2	2	2	2	3	2	2	3	2	3	2	2	2	2	2	
175	6	4	4	2	5	5	8	7	8	5	8	6	3	3	6	8	2	6	8	5	4	11	2	3	3	5	5	2	3	4	11	11	10	3	2	3	6	4	2	2	8	7	2	2	3	4	4	3	4	2	2	3	4	2	2	3	2	3	2	3	4	3	2	4	3	2	2	3	2	2	2	3	2	2	3	2	3	2	2	2	2	
176	5	4	4	5	5	8	7	8	5	8	8	7	3	2	3	6	6	2	2	9	5	4	12	2	3	3	5	5	2	3	4	11	11	11	3	2	4	6	2	8	7	2	3	3	2	4	4	3	4	2	2	3	5	3	2	2	3	2	3	3	5	3	2	3	3	2	2	3	2	2	3	2	3	2	3	2	2	2	2	2	
177	5	4	4	5	5	8	7	2	8	4	8	7	3	2	3	6	8	6	2	9	5	4	12	2	4	3	5	5	2	3	4	11	11	11	3	4	6	2	2	4	8	6	2	2	4	2	2	4	3	3	4	2	3	5	3	2	3	3	3	5	3	2	3	2	3	2	3	2	2	3	2	2	3	2	2	2	2	
178	5	4	4	2	6	5	8	7	2	7	4	8	7	3	2	3	6	7	13	6	3	9	5	4	2	3	3	7	2	5	2	3	4	11	2	10	11	3	4	7	2	2	4	8	6	2	3	2	2	4	3	3	4	2	2	4	5	3	2	3	3	2	2	3	4	3	2	3	2	2	3	2	3	2	2	3	2	2	3	2	2	2	2	2	
179	5	4	4	2	6	5	8	7	3	7	4	8	7	3	4	6	7	12	6	2	8	4	4	2	4	3	7	2	5	4	11	2	10	11	3	5	2	4	7	2	2	2	3	8	6	2	3	2	4	2	5	4	5	3	2	4	3	2	2	3	4	3	2	3	2	2	2	3	2	3	2	2	3	2	3	2	2	2	2	2	2	2	
180	5	4	3	2	7	5	8	7	3	2	7	4	8	7	3	4	6	7	12	6	2	8	4	4	3	7	5	4	11	2	9	11	3	5	2	2	4	7	2	2	2	2	3	8	7	3	2	4	5	2	4	5	3	2	4	3	2	3	2	3	4	2	4	3	2	2	3	2	3	2	3	2	2	2	2	2	2	2	2	2	
181	5	4	3	2	7	5	8	7	3	8	4	8	8	7	3	4	6	12	6	2	2	8	4	4	3	7	2	4	2	4	10	2	11	11	3	5	2	4	7	2	2	2	3	8	7	2	2	4	2	4	2	5	2	4	4	3	2	4	3	2	3	3	4	2	4	3	2	2	3	2	3	2	2	2	3	2	2	2	2	2	2	2	
182	5	4	3	2	7	5	8	7	2	9	4	8	7	3	3	6	6	12	6	2	3	8	4	4	3	7	4	2	4	10	2	2	11	11	2	3	5	2	4	7	2	2	2	3	8	7	2	4	2	4	2	5	2	4	4	3	2	4	3	2	4	3	4	3	3	2	2	3	3	2	3	2	2	3	2	2	2	2	2	2	2	
183	6	5	3	7	5	8	7	2	5	8	4	8	7	3	2	3	6	6	12	6	3	8	4	4	3	7	4	2	4	9	2	11	12	2	3	5	2	2	7	2	2	2	2	3	8	7	4	2	2	4	2	5	2	4	4	3	2	3	3	4	3	4	3	2	3	2	3	3	2	3	2	3	2	2	2	2	2	2	2	
184	6	5	3	2	7	5	8	7	2	2	5	8	8	4	8	7	3	2	3	5	6	12	6	2	3	8	4	3	3	4	2	4	10	11	12	2	3	5	2	6	2	2	2	3	7	7	4	2	2	4	2	5	4	4	3	2	3	3	4	3	4	3	2	3	2	3	2	2	3	2	3	2	2	2	2	2	2	2	
185	6	6	3	2	6	5	8	7	2	2	2	5	2	8	8	4	8	7	2	3	3	3	6	6	11	5	2	3	8	2	3	3	4	2	4	10	11	12	3	5	2	6	2	2	2	3	7	7	4	2	2	4	2	4	4	4	3	2	3	2	4	4	2	3	2	4	3	2	3	2	3	2	3	2	3	3	2	2	2	2	2	2	
186	5	7	3	6	8	7	2	2	6	2	8	9	4	8	7	4	4	6	6	11	5	2	3	8	2	3	3	4	2	4	10	2	11	12	3	5	2	6	2	2	2	4	3	7	8	4	2	2	4	2	4	4	4	3	2	3	2	4	4	2	4	2	4	4	2	3	2	3	2	3	2	3	2	3	3	2	2	2	2	
187	5	7	3	6	8	7	2	6	2	8	9	4	8	7	4	2	4	7	6	11	5	3	7	2	3	2	3	4	2	4	10	11	13	3	5	2	6	2	4	3	7	8	2	4	2	2	4	3	3	4	4	2	2	3	2	3	2	3	2	4	2	4	3	4	5	3	2	3	2	3	3	2	3	2	2	2	2	
188	5	5	3	6	8	7	2	6	2	8	8	4	8	7	4	2	4	6	6	4	3	7	2	10	3	3	4	2	4	10	10	13	3	3	5	2	6	2	2	2	4	3	7	7	2	4	2	2	4	3	3	3	4	4	2	2	3	2	3	2	2	3	4	3	4	3	3	2	5	3	3	2	3	2	2	3	2	2	2	2	2	2	
189	5	7	3	6	8	7	2	6	2	8	8	4	8	7	4	2	5	6	6	4	3	7	2	10	3	3	2	4	2	4	10	2	10	13	3	3	5	2	6	2	2	2	2	4	3	7	7	2	4	2	2	4	3	3	4	4	2	3	2	2	3	2	2	2	2	4	4	3	4	3	2	3	2	5	3	2	3	2	3	3	2	2	2	3	3	2	2	2	
190	6	8	3	6	7	2	6	2	8	8	4	8	7	4	5	6	6	4	3	7	2	10	3	2	4	2	4	11	2	10	13	3	3	5	2	6	2	2	7	3	7	7	2	2	4	2	3	3	3	4	4	3	2	3	2	2	2	2	4	4	3	4	3	2	3	2	5	3	2	3	4	2	3	3	2	2	2	2	3	2	2	2	2	2	
191	5	8	3	2	6	7	2	6	2	8	4	8	7	4	3	5	6	7	4	3	7	2	10	2	3	7	2	4	4	11	10	13	3	3	5	6	2	2	7	3	7	7	2	2	4	2	3	3	3	4	4	3	2	3	2	2	4	4	3	4	2	2	3	2	5	3	3	4	3	3	3	2	2	2	2	2	2	2	2	2	2	2	
192	5	7	3	2	6	2	7	2	6	12	2	8	5	4	8	7	2	5	3	5	6	7	4	3	7	2	10	2	7	2	4	4	11	13	3	3	5	6	2	7	3	7	6	2	2	4	3	3	3	4	4	3	3	2	2	2	4	4	3	4	2	3	3	3	6	3	2	3	4	3	3	3	2	2	2	2	2	3	2	2	2	2	
193	8	3	2	4	6	2	7	2	12	8	5	4	6	7	2	4	3	5	6	7	11	4	3	6	2	2	8	4	4	2	11	13	3	3	5	2	6	7	3	8	6	2	3	4	4	3	3	4	3	3	3	2	2	2	2	2	4	4	3	3	2	4	3	3	2	5	3	2	3	4	3	2	3	3	2	2	2	2	2	3	2	2	2	2	2	2	2	2	
194	8	3	2	4	6	2	7	2	12	8	9	5	4	7	7	2	3	3	5	6	7	11	4	3	7	2	2	4	4	2	11	13	3	3	5	2	6	7	3	7	6	2	3	4	4	3	3	5	4	3	2	3	3	2	2	2	2	5	3	3	3	2	4	3	2	5	3	2	3	3	2	3	3	2	2	2	2	2	2	3	2	2	2	2	2	2	
195	7	3	2	4	6	7	2	2	12	7	8	5	4	7	7	3	5	5	6	11	5	3	7	2	4	3	4	11	13	4	3	5	2	6	7	3	7	5	2	3	4	4	3	3	5	4	3	3	2	3	2	2	2	2	4	3	3	2	4	3	2	5	3	2	3	3	2	3	3	2	2	2	3	3	2	2	2	2	2	2	
196	5	7	3	2	6	7	2	12	7	8	5	4	7	7	3	5	5	6	11	5	2	3	7	4	3	4	2	12	13	4	3	5	2	6	2	7	2	3	7	6	2	3	4	3	3	3	5	3	3	3	2	3	2	2	2	2	5	3	3	2	4	2	3	2	5	3	2	3	3	2	3	3	2	2	2	3	3	2	2	2	
197	5	8	3	2	6	2	7	2	4	2	12	7	5	2	4	7	7	2	3	5	5	6	11	4	2	2	8	7	4	3	4	3	12	12	4	3	5	6	7	3	7	6	2	3	4	3	3	3	5	3	3	4	2	3	2	2	2	2	2	5	3	3	2	4	2	3	2	5	3	2	4	2	3	2	3	3	3	2	2	2	3	2	2	2	2	
198	5	8	3	2	6	2	7	3	4	2	12	7	5	2	4	7	7	3	5	5	6	11	5	2	2	8	3	2	7	3	4	4	3	11	13	4	3	5	2	6	7	3	7	6	2	3	5	2	3	3	3	5	3	2	2	4	2	3	2	2	2	2	2	5	3	3	4	3	2	5	3	2	4	3	2	3	3	2	3	3	3	2	2	2	
199	5	8	3	2	6	2	7	3	2	12	7	5	4	7	8	3	5	5	6	11	5	2	8	3	2	7	3	4	4	3	11	12	4	3	6	2	2	6	8	3	7	7	2	2	3	5	3	3	3	5	3	2	2	4	3	3	2	2	2	5	3	3	3	3	2	2	5	3	2	4	3	2	3	3	3	2	2	2	3	2	2	2	2	2	
200	5	8	3	2	6	7	3	2	12	7	5	4	7	8	3	5	5	6	11	6	8	2	3	2	7	3	4	4	3	11	12	4	3	6	2	6	6	7	3	7	6	2	3	5	3	3	3	5	3	2	2	4	3	3	2	2	2	3	3	3	3	2	5	3	2	4	3	2	2	4	3	2	2	3	2	2	2	3	2	2	2	2	2	
201	5	8	3	2	6	3	12	7	5	4	7	8	2	3	5	5	6	11	5	8	2	3	8	3	4	4	3	11	12	4	3	6	6	2	6	6	7	3	6	7	3	2	3	5	3	3	4	5	3	2	2	4	3	3	2	2	2	5	3	3	3	3	5	3	2	3	2	4	3	2	2	4	2	2	2	2	2	2	2	
202	5	8	3	2	6	3	12	7	5	4	7	9	2	3	5	5	5	11	5	8	2	3	9	3	4	5	3	11	13	4	3	6	6	6	6	8	3	7	8	3	2	3	5	5	3	3	5	5	4	2	4	3	3	2	2	2	2	5	3	3	3	5	4	2	3	3	3	4	2	2	2	2	2	2	2	2	2	
203	5	8	3	6	3	12	7	5	4	7	9	2	3	5	5	11	5	2	9	2	3	2	10	3	4	5	3	11	13	4	3	6	6	6	8	3	7	8	3	3	5	5	5	3	3	5	3	2	4	3	3	2	4	2	2	2	5	3	3	3	4	5	4	3	3	3	4	2	2	2	2	2	2	2	
204	4	8	3	6	2	3	12	7	4	4	6	9	2	3	5	5	11	5	2	8	2	3	2	10	3	4	5	3	11	13	4	3	6	7	2	8	3	8	8	3	3	5	2	5	5	3	3	5	3	3	2	4	3	3	2	2	4	2	2	2	5	3	3	2	3	5	4	4	3	3	3	3	4	2	2	2	2	2	2	2	2	
205	4	8	3	6	2	2	13	7	4	4	6	9	2	3	5	5	11	5	2	8	2	3	2	10	3	4	5	3	11	13	2	4	3	6	7	2	8	3	8	8	3	2	5	2	4	5	3	3	5	3	3	2	4	3	3	2	2	4	2	2	2	5	3	3	2	3	5	4	4	2	3	3	3	3	2	4	2	2	2	2	2	2	
206	4	8	3	6	2	3	13	7	4	4	2	6	9	3	5	5	11	5	2	8	2	3	2	10	3	4	5	4	11	13	2	4	3	4	2	6	7	2	8	3	6	8	3	2	5	2	4	5	3	3	5	4	2	4	3	3	2	2	4	2	2	5	2	3	2	2	3	5	4	4	2	3	2	3	3	3	2	4	2	2	2	2	2	
207	4	8	3	2	6	3	2	3	13	2	7	4	2	4	2	9	2	3	2	5	5	11	5	2	8	2	3	2	9	3	4	5	4	11	13	2	3	3	4	2	6	7	8	5	3	5	7	3	2	5	2	5	5	3	3	4	2	4	3	3	2	4	2	2	5	2	3	2	2	3	5	4	4	3	2	4	3	3	3	2	4	2	2	2	2	2	2	
208	4	8	3	2	6	3	2	3	12	2	7	4	4	2	9	2	3	5	5	11	4	3	8	2	3	3	9	4	5	4	11	13	2	3	3	4	2	6	7	8	5	2	3	5	7	3	2	5	2	5	5	3	2	4	2	4	3	5	2	2	5	2	3	2	2	3	5	4	4	3	2	3	2	3	3	2	4	2	3	2	3	2	2	
209	4	8	3	2	6	5	3	3	2	3	12	2	7	6	5	2	9	2	3	2	5	5	12	4	3	8	2	3	3	9	4	5	4	2	11	13	2	3	3	4	6	3	6	2	8	5	2	3	5	7	3	2	4	2	5	5	2	3	2	4	2	3	4	4	2	2	5	2	3	2	2	5	5	4	3	3	2	3	2	3	4	2	3	2	3	2	2	2	
210	4	8	3	2	6	5	3	3	13	2	3	11	2	8	6	5	2	9	3	3	5	5	5	3	7	2	3	3	9	4	5	5	2	11	13	2	3	3	4	6	3	6	2	8	5	3	6	7	2	2	4	5	5	2	3	2	3	2	3	4	2	4	2	2	5	2	3	2	2	5	5	4	2	3	3	2	3	2	3	4	2	3	2	3	2	2	2	
211	4	8	3	2	5	5	3	3	13	2	3	2	12	2	8	6	5	2	9	2	3	3	5	5	5	5	2	7	2	3	4	8	4	5	5	2	11	13	2	3	3	4	6	3	6	2	8	5	3	7	7	2	4	4	5	2	3	2	3	2	3	4	2	2	2	5	2	4	2	2	4	2	4	4	3	3	2	3	2	3	4	2	3	3	2	2	
212	4	8	3	2	5	5	3	3	13	2	3	2	13	2	8	6	5	2	9	2	3	3	5	5	5	4	2	7	2	3	5	10	2	4	2	5	5	2	12	13	4	3	4	5	3	6	8	5	3	7	7	2	4	4	5	2	3	2	3	2	3	4	2	2	2	5	2	4	2	2	4	2	4	4	3	3	2	3	2	3	4	2	3	3	2	2	2	
213	4	8	3	2	5	5	3	3	12	2	3	2	14	2	8	6	5	9	2	3	3	5	5	5	4	2	7	2	3	4	10	2	2	4	2	5	4	2	12	13	4	3	4	5	3	6	8	5	3	7	7	4	4	5	3	2	3	4	2	2	5	4	2	2	4	2	4	4	3	3	2	3	2	2	3	2	4	2	3	2	3	2	2	2	2	
214	4	5	3	2	2	5	5	3	3	14	2	3	2	14	2	9	6	5	2	9	3	3	5	5	5	4	2	2	7	2	3	4	9	2	4	2	5	4	12	12	4	3	4	5	3	6	2	8	5	5	3	7	7	4	4	5	3	3	4	2	2	2	5	4	2	2	4	2	4	4	3	3	3	2	3	2	2	2	3	2	3	2	2	2	2	2	2	
215	4	4	3	2	2	5	2	5	3	3	14	2	3	15	2	9	6	5	2	9	3	3	5	5	5	2	3	7	2	3	4	9	2	4	2	5	4	12	12	3	4	3	4	5	3	6	3	2	8	5	5	3	7	7	3	4	4	5	3	2	4	4	2	2	5	4	2	2	4	2	4	4	3	3	3	3	2	2	2	3	2	3	2	2	2	2	2	
216	3	5	3	2	2	5	2	5	3	3	14	2	3	14	10	6	2	5	9	3	4	5	5	5	3	7	2	3	4	9	2	2	4	2	5	4	12	12	3	4	3	4	2	5	5	3	2	8	5	5	3	7	7	2	3	4	4	5	3	2	4	4	2	2	5	4	2	4	2	4	3	3	2	3	3	2	3	2	2	2	2	3	2	2	2	2	2	2	
217	3	4	3	2	2	5	2	5	3	3	14	3	14	10	6	2	5	9	3	4	5	5	5	2	2	3	4	8	2	2	4	2	5	12	12	3	4	3	4	2	2	5	4	3	2	8	5	5	2	3	6	6	6	2	3	5	4	5	3	2	4	3	2	2	5	3	4	2	4	3	3	2	3	3	2	3	2	2	2	3	2	2	2	2	
218	3	4	3	2	5	9	2	5	3	3	13	2	3	13	10	6	2	5	9	3	4	5	5	5	2	2	3	4	8	3	2	4	2	5	2	12	11	2	4	3	4	2	2	5	5	3	2	5	5	3	6	5	5	3	5	2	4	5	3	2	4	3	2	2	2	5	3	3	2	4	3	3	2	2	3	2	3	2	2	2	3	2	2	2	2	
219	3	4	3	5	9	2	5	3	3	13	2	3	12	11	5	2	5	9	3	4	5	5	5	2	2	3	4	6	2	4	2	5	2	12	11	2	4	3	4	2	2	5	5	3	2	5	2	4	6	6	6	3	2	5	3	6	3	2	4	3	2	2	5	3	4	2	6	3	3	2	2	3	2	3	2	2	4	2	2	3	2	2	2	
220	3	4	3	5	9	2	5	3	3	14	3	2	13	11	5	2	5	9	3	3	3	5	5	5	2	2	3	4	6	2	4	2	5	2	12	11	2	4	3	4	2	5	5	3	2	5	2	4	6	6	6	3	2	5	3	6	3	2	4	3	2	2	5	3	4	6	3	3	2	3	3	2	4	2	2	2	3	2	2	2	2	
221	3	4	3	5	8	2	4	3	3	14	3	2	13	4	9	5	2	2	2	9	2	3	3	5	5	5	2	2	3	4	8	2	4	2	5	2	12	11	2	4	3	2	2	5	2	5	5	2	4	6	6	6	3	2	5	2	3	6	2	3	3	2	4	2	5	3	2	3	6	3	3	2	2	3	3	2	2	2	2	3	2	3	2	2	2	2	2	2	
222	3	4	3	5	8	2	4	3	14	3	2	13	4	9	5	2	2	2	9	3	3	6	5	5	3	2	3	4	6	2	4	2	5	4	12	11	2	4	3	2	5	2	5	5	2	3	6	6	6	2	5	2	3	6	3	3	2	4	5	3	3	6	3	3	2	2	3	3	2	2	2	2	3	2	2	2	2	2	2	2	
223	3	4	3	5	8	3	4	3	3	2	12	4	9	5	2	2	9	3	3	6	5	5	2	13	3	4	8	2	4	2	5	11	11	2	4	3	2	2	6	2	5	5	2	3	7	6	5	3	3	5	3	3	6	3	3	2	4	5	3	3	6	3	3	2	2	3	3	2	2	2	2	3	2	2	2	2	2	2	2	
224	3	4	3	5	8	3	5	3	3	2	12	4	9	6	3	2	9	3	3	5	5	5	2	13	4	3	4	8	3	4	2	5	11	11	2	4	3	2	2	6	2	4	5	4	2	3	6	6	5	3	3	5	3	4	6	3	3	2	4	2	2	2	2	2	5	3	3	6	3	2	2	3	3	2	3	2	2	2	2	2	2	3	2	2	2	2	
225	3	4	3	5	8	3	5	3	14	3	2	12	4	9	9	6	3	2	9	3	4	5	5	2	4	2	3	5	8	2	4	2	5	11	10	2	4	3	2	2	6	2	5	6	2	5	4	2	3	7	5	2	3	5	4	6	4	3	3	2	4	2	2	4	2	2	2	5	3	6	3	2	2	3	2	3	2	3	2	2	2	2	2	2	2	3	2	2	2	
226	3	5	3	5	5	8	3	5	3	3	2	12	9	9	6	3	2	9	3	4	5	5	2	13	4	3	4	8	2	4	2	5	11	9	2	4	3	3	6	2	6	6	5	4	2	3	7	5	2	3	5	4	6	4	3	3	2	4	2	2	4	2	5	3	6	3	2	2	3	2	3	2	3	2	2	2	2	2	2	3	2	2	
227	3	5	3	5	2	5	8	3	5	3	3	2	13	9	9	6	3	2	9	3	4	5	5	2	13	4	3	3	4	8	2	4	5	11	9	2	4	3	3	6	2	6	2	6	5	4	2	4	7	5	2	3	5	4	6	4	3	3	2	4	2	2	4	2	5	3	5	2	2	3	2	3	3	2	2	2	2	2	3	2	2	2	2	
228	3	5	3	4	2	5	8	3	5	3	2	2	4	2	13	9	6	3	9	3	4	5	5	3	13	4	2	3	5	8	4	5	3	12	9	2	4	3	3	6	2	6	4	2	6	5	4	2	4	8	8	6	4	3	5	4	5	4	3	3	2	4	2	2	4	2	2	5	3	6	3	2	2	2	3	3	3	2	2	2	2	2	2	2	2	
229	2	5	3	5	2	5	8	3	5	3	2	2	4	2	14	9	10	6	3	9	3	4	5	5	3	13	2	4	2	3	7	8	4	5	3	12	8	4	3	3	2	6	6	6	2	6	5	4	3	7	6	4	4	5	4	5	4	3	3	2	2	3	2	2	4	2	2	3	5	3	3	2	3	3	3	2	2	2	2	2	2	
230	2	5	3	5	2	5	8	3	5	3	2	4	2	14	9	6	2	9	3	4	5	5	2	2	13	2	3	4	2	3	7	8	2	4	6	3	11	12	4	3	3	2	7	6	2	6	5	5	2	4	4	9	7	6	4	4	5	4	5	4	3	3	2	3	2	4	2	5	2	3	5	3	3	2	3	3	2	2	2	2	2	
231	2	5	3	5	2	6	8	3	5	3	2	4	2	14	9	10	6	9	3	4	5	5	2	2	13	3	4	3	2	3	7	9	2	4	6	3	11	12	4	3	2	2	2	7	6	2	6	5	6	2	4	7	6	4	5	4	5	4	3	3	2	2	2	2	4	2	5	3	4	3	3	2	2	3	3	3	2	3	2	2	2	
232	2	4	3	3	2	6	8	3	5	3	2	2	4	2	13	8	10	6	9	2	3	5	5	13	3	4	3	2	3	2	3	7	9	2	4	6	3	11	12	4	2	2	2	7	6	2	6	5	6	2	2	4	7	6	4	5	4	5	4	3	3	2	2	4	2	5	3	4	2	3	3	2	2	3	3	3	2	3	2	2	2	2	2	2	
233	2	5	3	3	2	2	5	8	3	5	3	2	2	4	2	13	8	9	6	9	2	3	5	5	13	3	2	3	2	3	3	7	10	3	4	6	2	3	11	12	4	2	3	2	8	6	2	2	5	6	2	2	4	7	5	4	5	4	5	4	5	3	3	3	2	2	2	4	2	5	3	2	3	2	3	3	2	3	3	3	3	3	2	2	2	2	2	
234	2	5	3	3	2	2	5	8	3	5	3	2	4	2	12	8	8	5	9	2	3	5	5	5	13	3	2	3	2	3	3	6	10	3	4	6	3	11	12	2	4	2	2	2	8	6	2	2	5	6	2	4	7	5	5	4	5	4	5	3	3	3	2	2	2	5	3	4	2	3	2	2	3	3	2	3	3	3	2	2	3	2	2	2	2	
235	2	5	3	3	2	2	5	8	3	7	3	2	2	4	2	12	8	5	9	2	3	5	5	5	15	3	2	3	3	3	6	3	6	10	3	4	6	12	12	4	2	2	7	6	2	2	6	6	2	3	7	6	5	5	2	4	5	4	3	3	3	2	3	2	2	5	2	3	4	3	2	2	3	3	2	3	3	3	2	2	2	3	2	2	2	
236	2	5	3	4	2	2	5	8	3	7	3	2	2	4	2	12	8	5	9	2	3	5	5	4	14	3	3	2	3	6	3	7	10	5	4	6	12	3	2	2	7	6	11	2	2	2	6	2	6	3	8	7	6	2	4	3	4	4	3	3	3	2	3	2	2	5	2	3	2	4	3	2	2	3	3	2	2	2	3	3	3	2	2	2	3	2	2	
237	2	5	3	4	2	2	5	8	3	7	3	2	4	2	12	8	6	4	9	2	3	5	5	4	15	3	3	2	3	6	3	8	10	5	4	6	12	3	2	2	7	6	11	2	6	2	6	3	8	7	6	2	4	3	4	4	3	3	3	2	2	2	5	2	2	3	2	4	3	3	2	2	3	3	2	2	3	3	3	2	2	2	2	3	2	2	
238	2	5	3	4	2	2	5	8	3	5	3	2	4	12	8	5	4	9	3	5	5	4	15	3	3	2	2	6	2	8	10	4	4	2	6	12	3	2	7	6	11	3	2	5	2	5	2	3	8	7	6	2	3	2	3	4	4	3	3	4	2	2	5	2	3	2	4	2	3	2	3	3	2	2	3	2	4	3	2	2	2	2	3	2	2	
239	4	3	4	2	2	5	8	3	5	7	2	4	12	8	5	4	9	4	5	5	4	15	2	2	3	2	2	6	2	8	10	5	4	2	7	12	3	7	5	11	2	2	5	5	2	4	8	7	6	2	3	2	3	4	3	3	4	2	2	2	5	2	3	2	4	2	2	2	3	3	2	3	4	3	2	2	2	2	2	2	3	2	2	2	
240	4	3	5	2	5	8	3	5	8	2	2	4	12	8	5	4	9	4	5	5	4	14	2	3	3	2	2	6	2	8	10	5	3	6	12	3	2	7	2	6	11	2	2	5	5	2	4	8	6	4	3	2	3	4	3	3	4	2	5	2	3	2	3	2	2	2	3	3	2	3	3	4	3	2	2	2	2	2	2	2	2	2	2	2	
241	2	4	3	5	2	5	8	3	5	9	2	15	2	4	12	8	5	4	8	5	2	4	6	5	4	3	3	2	2	6	2	8	10	5	3	6	12	3	2	7	2	7	12	2	5	5	2	4	8	6	4	2	3	2	3	4	3	3	4	2	2	5	2	3	2	2	3	3	3	3	4	3	2	2	2	2	2	3	2	2	3	2	2	
242	2	4	3	4	2	4	8	3	5	9	2	15	2	4	2	11	8	4	4	7	5	2	4	6	5	4	2	3	3	2	2	6	8	10	5	4	6	12	3	7	7	12	2	5	5	2	4	12	6	4	5	2	3	2	3	4	3	4	3	3	6	2	3	2	3	3	4	2	3	3	3	2	2	2	2	2	3	2	2	3	2	
243	2	4	3	3	2	4	8	3	6	9	3	15	4	2	11	8	5	4	7	5	2	4	6	5	4	2	3	3	3	3	6	8	9	5	4	5	12	3	7	7	12	3	5	5	2	4	12	6	5	5	3	2	3	4	3	4	2	3	3	6	2	2	3	2	3	3	4	2	3	3	3	2	2	2	3	2	3	2	
244	4	3	2	4	8	3	6	5	15	4	2	11	8	5	4	2	7	5	2	4	6	5	4	2	3	3	5	3	6	8	8	6	4	5	2	12	3	7	7	13	3	5	5	2	4	11	6	6	5	3	2	3	4	3	3	4	2	3	6	2	2	3	2	3	3	4	2	2	4	4	2	2	2	2	2	2	3	2	2	
245	4	3	2	2	4	8	3	6	5	15	2	4	3	12	8	5	4	2	7	5	5	6	5	2	3	2	4	3	3	7	8	5	5	6	2	12	3	2	7	2	7	13	3	5	5	2	4	11	6	6	5	3	2	3	4	5	3	3	3	3	2	2	3	5	2	2	3	2	2	3	3	4	2	5	4	3	2	2	2	2	2	2	3	2	2	3	
246	4	3	2	2	4	8	3	6	5	15	2	4	3	12	8	5	4	7	5	5	6	5	2	3	3	4	3	3	7	8	6	5	2	6	3	2	12	3	2	7	2	6	13	3	5	5	2	4	11	6	6	5	3	2	3	4	5	3	3	3	3	2	2	3	2	5	2	2	3	2	2	3	3	4	5	4	3	2	2	2	2	2	3	2	2	2	2	2	
247	4	3	2	2	4	8	9	6	15	2	4	3	11	8	5	3	7	5	6	6	5	2	3	4	4	3	3	7	6	6	5	6	3	12	3	2	7	2	6	12	3	6	4	2	4	11	6	6	5	3	3	5	3	3	3	2	2	2	3	2	5	2	2	3	2	3	3	4	5	4	3	2	2	2	2	2	3	2	2	2	
248	4	3	2	4	8	8	6	2	15	4	3	11	9	6	3	9	5	6	6	5	2	4	4	3	3	3	6	7	6	5	5	2	6	3	12	3	2	2	7	2	5	12	3	6	3	2	4	11	5	5	2	3	3	5	3	3	3	2	2	2	3	5	2	2	3	2	2	3	3	2	4	5	4	3	2	2	2	2	2	3	2	2	2	
249	4	3	3	4	8	8	6	2	2	2	4	3	11	9	5	3	9	5	6	3	5	5	2	2	12	4	4	3	3	3	6	6	7	6	5	5	2	4	3	11	3	2	2	8	5	12	3	6	4	2	4	10	5	5	3	3	3	3	3	2	2	2	3	5	2	2	3	2	3	3	4	5	3	2	2	2	3	3	2	2	2	2	
250	2	4	3	3	3	8	8	6	2	4	3	10	9	5	3	9	7	6	3	5	5	2	2	12	4	4	3	3	3	6	6	7	2	6	7	5	2	2	11	3	2	3	2	8	4	12	4	7	4	2	4	10	5