70	30	
2	1	1	1	3	2	2	2	4	2	1	4	3	4	1	4	2	1	3	1	1	1	3	1	4	1	1	1	1	2	
83	71	29	53	99	44	33	34	118	26	28	26	
37	79	18	149	58	149	199	
176	182	88	71	195	
161	173	122	57	204	
152	120	181	224	36	
166	24	153	159	206	
234	184	92	197	3	
339	183	204	
332	217	173	1	
326	218	177	
361	190	183	
344	208	175	
363	209	161	
377	204	150	
374	175	169	
394	169	161	
424	168	131	
425	159	147	
424	151	158	1	
447	143	152	
449	166	117	
443	163	115	3	
474	166	112	
465	154	107	
477	176	87	
466	200	62	
491	199	47	3	
494	218	36	
492	227	13	3	
522	232	
507	248	
503	248	1	
513	232	
554	196	
559	195	
566	186	
556	198	
547	198	
558	194	
551	192	
567	177	3	
564	193	
565	183	
561	178	
554	198	
602	165	
613	142	
601	151	
630	108	
