70	30	
1	2	1	1	1	1	1	1	1	1	1	3	1	1	1	1	1	1	1	1	1	1	1	1	1	1	1	1	1	1	1	1	3	1	1	1	2	1	2	1	1	1	2	1	1	1	1	1	1	1	1	1	2	1	1	1	1	1	
17	45	39	35	62	34	23	3	53	12	26	39	7	12	7	9	31	3	8	15	9	6	1	3	8	10	4	2	3	4	7	
56	54	14	83	28	16	3	17	16	29	19	82	3	36	25	21	7	13	3	3	3	3	8	3	1	
3	70	22	49	83	26	7	20	130	25	37	17	17	3	3	13	3	6	5	4	3	2	
49	60	28	25	20	30	60	25	120	17	17	34	3	12	12	6	11	1	1	4	3	16	4	4	
43	44	18	13	55	8	63	131	13	9	4	17	1	27	1	3	17	32	11	3	13	5	12	3	7	4	
7	47	82	26	24	34	3	3	135	56	3	6	1	31	18	1	12	4	28	3	15	12	10	3	
20	55	89	23	16	40	149	19	60	10	32	9	9	6	3	4	4	22	3	
94	50	39	66	10	33	45	23	1	21	147	20	5	7	3	1	1	
54	53	2	25	37	3	7	58	78	154	26	17	38	3	7	3	3	1	
62	49	48	5	14	10	49	76	3	156	17	3	25	23	3	3	6	6	4	6	1	3	1	
87	56	44	14	8	154	42	2	87	3	4	18	3	4	23	3	1	3	1	3	5	
73	46	38	35	143	2	91	22	45	14	4	1	30	4	10	1	4	1	
85	51	5	43	25	92	16	155	1	7	43	4	3	6	3	25	4	
86	38	7	54	102	26	4	45	6	4	137	18	3	8	4	1	3	16	3	4	1	1	
138	43	47	134	21	132	17	2	12	1	9	1	1	1	4	1	
144	41	39	2	142	22	4	6	112	8	1	4	18	3	1	24	1	1	1	1	
145	37	39	3	136	1	7	139	3	12	4	19	4	15	3	2	1	4	1	
131	43	7	45	147	148	13	11	3	3	5	4	4	3	3	3	1	7	1	3	
4	47	142	131	16	3	4	158	6	43	6	3	1	12	1	6	9	1	
148	43	142	144	3	14	5	40	3	3	1	1	8	1	1	3	1	1	1	1	3	3	3	
8	46	143	2	146	10	3	51	9	7	1	139	5	3	3	3	3	3	4	1	
139	40	36	3	131	155	4	3	14	4	3	3	2	8	1	13	1	3	3	1	3	3	
169	123	1	150	44	4	1	4	1	7	38	1	3	3	19	1	3	1	3	1	
54	28	3	150	150	4	100	3	45	11	4	3	4	3	4	1	2	3	1	1	3	3	1	
42	35	4	126	44	146	3	10	5	6	3	152	1	3	1	1	1	1	1	
142	36	141	53	4	126	6	2	4	40	3	1	1	4	1	1	1	3	1	3	
161	132	37	3	5	3	132	32	4	47	1	6	3	3	1	1	4	8	
161	135	1	116	5	37	45	4	3	35	3	1	3	1	2	1	2	1	3	6	
23	123	43	3	131	8	3	4	5	55	149	3	4	3	5	1	4	3	3	1	
3	136	52	121	35	7	149	36	3	3	6	5	2	1	3	5	1	3	1	3	1	
139	38	133	7	31	56	6	1	1	112	11	5	1	1	3	2	1	2	3	3	4	3	
146	3	4	141	7	3	55	114	32	11	4	9	3	31	1	12	2	
150	144	37	7	111	2	47	3	15	31	4	3	3	6	1	5	2	1	3	
144	159	3	56	31	4	18	4	2	115	3	4	1	3	10	3	2	3	4	
152	22	4	158	1	4	125	1	15	50	1	4	4	33	1	4	
149	3	13	13	3	165	3	62	3	113	29	3	1	2	9	4	3	1	3	3	
159	20	5	147	10	4	3	10	113	49	22	3	1	4	5	1	1	3	1	1	3	
162	150	3	7	10	19	3	133	3	21	1	42	3	1	3	3	3	1	4	5	
165	1	139	14	1	3	21	2	1	3	2	127	56	14	2	1	4	3	4	4	7	
182	53	5	13	150	118	18	1	7	2	3	3	1	3	3	3	1	1	1	6	
182	36	142	5	10	5	15	3	22	3	127	9	17	3	1	1	
186	36	2	7	7	142	8	4	2	7	3	129	33	2	1	3	3	1	1	1	
206	27	30	131	8	2	128	2	11	1	8	5	9	3	1	3	1	3	
190	6	1	120	48	139	9	8	1	10	4	2	3	28	3	4	1	3	
177	9	141	4	49	3	14	9	108	4	39	6	3	3	3	3	1	1	1	
177	111	53	12	125	6	60	1	8	1	8	1	1	3	1	1	1	1	
169	123	3	62	3	122	1	8	48	1	10	6	1	4	3	1	4	1	6	
166	113	3	2	13	104	3	6	3	62	7	43	1	3	5	1	5	4	4	1	2	3	1	1	2	3	1	
188	118	65	51	105	16	1	7	5	8	2	5	1	3	3	1	3	
170	141	3	4	106	61	11	3	3	47	6	2	3	1	4	3	1	1	3	9	1	
170	3	136	77	110	7	62	9	1	1	3	1	3	1	1	
168	1	3	1	55	78	110	1	5	4	1	8	5	8	128	3	3	3	3	1	
176	11	108	47	81	3	3	7	107	1	1	5	2	1	3	9	3	1	1	1	3	1	3	1	
316	10	78	110	3	1	49	3	1	2	1	3	
329	73	98	5	6	38	19	1	3	1	1	1	1	4	1	
320	67	97	7	34	2	21	3	6	3	1	3	3	1	1	1	
4	6	313	69	104	7	28	3	1	21	3	1	2	1	7	2	3	1	3	
62	4	324	1	96	20	4	23	3	10	6	1	1	3	4	4	3	1	
92	321	63	7	9	1	10	19	1	4	14	1	1	10	7	4	3	1	1	3	1	
3	335	65	109	3	24	18	2	1	1	1	3	1	3	3	4	3	
12	315	61	109	1	16	1	3	3	3	7	1	15	3	3	3	1	3	1	3	2	1	2	
133	304	60	1	21	1	3	10	3	6	3	2	3	4	7	1	6	1	1	
1	307	54	4	133	3	3	25	3	1	6	3	9	3	4	1	4	3	3	
124	3	4	7	142	42	23	1	196	1	4	6	6	3	3	1	5	1	1	
326	1	6	55	3	137	25	3	4	3	1	1	2	3	3	3	1	2	
1	317	3	158	2	5	3	26	1	44	3	6	3	1	1	1	1	4	1	1	
327	45	4	155	1	1	3	23	3	1	4	1	4	3	1	3	2	
313	1	3	51	154	2	8	30	3	1	3	7	1	7	1	1	
300	8	4	139	4	3	48	24	15	6	3	2	1	14	3	4	1	1	
312	140	13	30	50	4	1	3	9	3	3	1	5	3	
4	317	133	5	4	3	46	26	3	4	1	6	8	3	7	1	3	
324	130	10	47	10	26	5	1	1	3	3	2	5	2	6	
302	38	140	11	5	12	40	8	3	4	4	1	1	6	3	1	
325	1	142	3	9	48	4	6	29	11	3	1	3	3	
151	297	4	29	1	50	4	3	1	9	1	6	1	4	4	3	1	
317	7	151	30	20	38	1	4	3	3	1	1	1	3	
299	2	3	155	8	33	9	22	1	1	4	3	12	6	10	3	1	
286	5	18	41	3	143	23	3	1	5	7	6	3	3	4	18	3	2	1	1	
286	1	143	36	4	4	17	2	3	14	8	3	5	3	4	13	3	1	5	1	1	2	
7	280	7	136	7	4	6	39	24	3	15	3	1	8	4	3	6	4	4	4	
1	183	1	279	3	3	3	12	28	22	10	3	1	8	3	10	3	3	3	3	
170	6	267	3	3	9	10	33	3	8	4	13	4	3	6	18	3	4	4	3	
167	3	35	292	6	17	3	2	3	1	4	4	1	1	4	11	11	3	3	1	1	
1	278	3	177	14	30	2	4	7	3	2	3	7	18	1	5	1	3	3	1	3	
275	5	171	8	36	4	1	17	1	2	28	3	1	2	4	1	1	
15	157	1	278	3	4	26	16	3	3	4	16	5	7	4	3	16	3	1	2	1	
272	4	129	4	3	15	42	1	1	26	20	11	3	19	14	3	2	1	1	3	3	3	
11	7	252	194	1	2	4	3	34	8	15	1	4	14	9	1	4	8	
278	32	210	10	17	7	10	10	3	2	2	3	3	
292	217	15	3	25	1	3	3	1	6	14	4	1	1	
3	266	206	12	19	13	24	4	9	1	6	3	4	1	1	1	3	
260	207	3	4	22	2	8	16	5	3	1	7	16	6	3	3	5	
206	257	4	26	10	9	16	13	6	1	3	1	8	1	3	3	3	3	
32	16	249	197	8	1	4	4	4	4	3	1	3	11	8	1	3	1	2	1	5	1	1	1	
1	211	268	3	40	3	7	3	6	8	4	2	17	2	1	1	
255	14	204	23	15	4	37	8	7	5	3	6	3	1	1	
265	218	3	6	12	3	3	25	23	5	5	3	1	1	6	4	
288	197	14	4	1	4	3	3	4	2	28	4	3	6	2	3	1	1	
290	3	1	207	20	2	1	6	3	6	3	4	31	3	1	1	
