70	30	
1	1	1	2	1	1	3	2	2	1	1	1	1	2	1	4	1	1	1	1	1	2	1	2	1	1	1	1	1	1	4	1	1	3	1	1	1	1	1	2	1	1	1	1	1	1	1	1	1	1	
67	45	40	31	9	31	34	18	20	33	1	33	4	13	24	15	17	15	9	18	26	18	18	19	16	1	9	8	6	
85	107	32	43	63	48	44	25	22	1	14	16	12	37	16	39	7	10	17	
29	33	46	56	109	17	104	26	10	53	26	31	44	19	17	16	19	
17	26	120	52	102	60	12	25	18	51	25	73	27	7	3	19	14	3	
29	139	14	102	64	25	64	42	35	15	74	16	24	3	13	15	
38	37	128	16	96	80	78	17	98	14	30	45	1	
94	48	131	108	102	83	40	12	22	14	25	1	
122	54	140	95	84	91	44	28	18	13	
135	35	128	83	91	42	88	62	7	16	
157	59	124	95	89	95	38	5	29	1	
165	66	101	86	99	32	115	19	4	
181	77	102	96	104	28	109	6	
122	69	173	109	98	124	17	
189	63	121	89	92	145	12	
87	143	126	191	92	66	7	
84	142	185	96	136	73	
75	180	96	80	136	138	
149	145	195	70	79	74	
158	166	191	60	70	70	
172	158	197	63	69	51	
181	165	205	1	65	32	64	
183	158	216	70	64	24	1	
170	135	239	75	69	26	
161	128	253	75	84	20	
245	135	157	18	70	93	
82	255	63	155	148	17	
79	259	152	68	137	25	
268	164	71	142	68	10	
195	264	65	57	138	1	
192	134	64	266	69	
193	140	60	271	65	1	
204	137	64	256	1	59	3	
266	138	54	208	53	
267	66	192	53	139	
278	143	60	189	46	
284	153	60	186	37	5	
145	191	296	41	44	
197	161	291	41	42	
199	159	292	43	3	36	
200	282	162	37	37	
218	277	175	43	20	
224	280	167	40	1	13	
235	280	170	44	6	
255	268	165	46	
254	267	167	44	1	
255	266	172	41	
247	272	168	42	1	
249	186	273	35	
257	180	274	29	
261	182	276	20	
288	245	191	15	
292	243	191	14	
287	249	212	
270	259	210	
286	248	210	1	
282	249	211	3	
283	259	210	
273	262	209	
274	259	209	
269	265	215	
268	218	259	
270	214	256	3	
221	275	252	
222	267	261	
213	274	263	
218	260	269	
218	262	267	
224	276	250	
219	280	247	
221	282	242	1	
291	244	209	
283	244	225	
281	245	226	1	
252	273	230	
246	232	271	
246	272	234	1	
248	230	276	
278	248	220	
254	226	262	1	
274	258	223	
253	215	286	
250	1	284	199	1	1	
251	288	203	3	
246	1	1	298	199	
249	298	198	
3	306	254	188	
303	257	191	
262	301	3	181	
296	193	266	
295	197	251	
301	188	249	1	3	
297	208	242	
302	195	1	246	1	
305	196	241	1	
311	190	247	
296	198	247	
293	211	242	
300	204	246	
249	200	295	1	
256	284	203	3	
296	254	203	
299	197	256	
258	194	295	
285	266	204	
277	266	207	
287	263	195	
299	254	176	5	
308	258	184	
304	262	180	
312	255	180	
187	305	254	
197	295	249	
200	287	258	
205	294	254	
282	257	199	
257	271	210	
285	259	199	
286	262	194	
291	256	188	
308	181	253	
183	305	256	
190	296	253	
193	295	257	1	
180	293	269	
308	186	258	
309	189	250	
189	303	256	
174	257	313	
166	253	318	4	
320	171	255	
325	166	256	
332	170	248	
331	167	1	244	1	
249	165	324	1	
254	157	338	
354	158	236	
3	344	162	230	
358	157	230	
366	144	233	
368	138	242	
356	158	236	
370	144	232	3	
358	159	233	
330	164	246	
346	156	240	
345	153	241	
358	239	149	
340	250	142	1	
345	249	148	
