70	30	
1	1	2	2	3	3	1	1	7	1	2	1	2	1	1	1	1	1	1	1	3	1	1	1	2	2	2	1	1	1	1	1	1	2	1	1	1	1	1	2	1	1	2	1	2	1	2	1	1	1	1	1	1	1	1	1	1	1	1	1	1	1	1	1	
12	12	59	26	8	78	37	8	53	6	44	4	14	9	25	9	24	29	16	6	31	29	2	38	3	19	3	1	
108	68	77	45	26	24	9	53	30	43	38	42	33	36	16	3	3	
32	91	67	122	45	18	61	54	14	47	34	7	32	40	
59	31	42	122	33	57	46	72	44	95	38	16	10	1	
102	67	76	126	42	42	28	67	36	46	35	4	
53	63	80	140	51	22	64	35	59	92	22	
19	62	85	62	60	151	24	52	56	84	23	3	
109	68	80	49	50	158	61	27	48	17	12	
120	60	86	47	59	184	69	62	10	
116	63	79	51	189	71	70	61	
129	65	53	202	74	51	70	55	
130	75	47	200	71	55	57	72	
135	73	50	209	83	48	41	67	
72	125	32	212	84	87	64	27	
122	78	63	204	95	72	31	29	3	
81	121	60	216	106	29	22	65	
90	20	52	228	104	124	59	29	
84	16	51	224	96	61	131	31	1	3	
73	101	28	224	156	10	56	55	
87	118	23	291	137	52	1	
103	125	290	130	41	22	
98	296	121	140	34	1	29	
99	125	294	22	138	38	
2	155	130	297	80	14	43	
120	84	312	153	42	3	4	
80	312	106	6	157	9	49	1	
328	66	109	158	58	3	1	
116	325	154	73	50	
326	53	115	171	57	3	
316	45	132	63	170	
316	187	121	66	37	
327	40	60	116	182	
323	51	124	186	42	
325	47	43	188	120	
313	201	51	129	1	34	
319	196	127	44	48	
133	187	308	45	50	
137	182	311	52	49	
146	304	47	183	3	45	
45	140	309	46	188	1	
125	322	50	207	24	
198	55	332	121	24	
208	335	41	126	22	
208	333	54	27	108	
214	336	49	113	23	
217	334	51	109	18	
223	327	39	115	17	3	
239	316	51	112	3	
260	320	46	106	
255	311	123	45	
253	321	37	115	1	
267	323	34	110	
263	117	327	30	
320	134	276	14	
314	144	270	17	
316	278	141	6	
317	282	145	
314	275	150	
319	271	156	2	
317	285	152	
314	279	149	
311	284	155	
310	281	160	
304	288	152	
312	284	156	
314	153	280	
320	286	143	
328	285	135	
325	285	142	
336	289	123	
333	295	120	
328	305	117	
326	301	116	
330	309	101	1	3	
321	308	1	113	
325	303	114	3	
326	304	120	
334	300	111	3	
337	114	295	
339	109	299	
341	294	113	
340	290	120	
334	289	126	
341	287	121	
339	277	132	
329	271	142	
326	280	143	
320	292	135	
324	311	112	
315	304	123	
317	301	126	
322	134	298	
316	296	137	
314	1	134	296	
315	295	142	
305	307	131	
304	130	314	1	
131	295	307	1	
316	297	127	
300	317	127	1	
315	301	129	
315	303	125	
312	299	138	
317	313	124	
313	310	125	1	
309	124	309	
318	308	124	
312	307	135	
300	132	312	
134	298	314	
119	300	322	3	
129	296	319	
130	301	316	1	
127	296	322	
327	299	120	1	
130	300	321	
113	298	334	
124	287	343	
126	282	337	
122	278	344	
117	276	349	1	
353	278	115	
355	288	114	
286	346	115	
343	291	111	
355	283	108	
104	279	359	4	1	
96	283	371	
363	284	103	3	
358	281	106	
359	275	1	114	
106	276	365	
376	282	92	
288	368	102	
360	290	106	
281	350	117	
352	282	122	
1	280	351	121	
346	280	117	3	1	
347	285	127	
348	119	284	
343	279	131	
336	273	141	
340	275	141	
346	132	263	
338	146	271	
351	130	273	
337	142	275	1	
324	145	274	4	
334	131	289	
331	285	134	
279	333	139	
274	328	7	139	
146	331	275	3	
339	141	273	
342	149	268	
269	328	149	1	
274	328	144	
274	333	145	1	
287	338	124	1	
280	334	128	
291	330	133	
292	347	116	
284	342	125	
280	338	127	1	
271	335	135	3	
253	333	158	
261	330	159	
262	321	170	
319	260	168	
319	261	161	1	
265	318	166	1	
273	323	160	
271	338	143	
270	339	149	
266	346	136	
267	347	138	
274	340	134	
274	342	136	
275	337	137	
282	343	133	
287	346	122	
285	345	121	
288	347	119	
287	119	3	340	
295	112	342	1	
296	345	113	
293	343	117	
288	334	119	1	
288	109	337	4	3	
291	108	357	
343	108	301	
351	105	298	
351	100	298	3	
350	286	109	
346	107	292	
353	293	99	3	
344	93	308	1	
349	99	304	
345	307	95	
362	309	84	
371	306	76	
372	302	71	
366	311	72	1	
374	319	67	
380	61	312	
378	314	64	
381	309	60	
373	311	64	1	
366	325	67	
374	318	58	
367	317	66	1	
373	311	62	3	
371	320	66	
383	314	56	
372	66	317	
376	54	319	
387	47	314	
379	323	48	
386	317	43	
44	387	315	
393	313	48	
55	396	305	
48	311	393	3	
44	315	389	3	
322	390	48	
320	387	48	1	
321	54	372	
3	318	45	385	
316	45	387	3	
314	395	41	
320	382	49	
324	30	394	
332	395	22	
315	16	417	
422	326	4	3	
425	329	1	
330	436	
440	323	
436	318	
438	318	
432	310	3	
439	326	
438	319	1	1	
437	321	1	
444	314	
443	317	
440	320	1	
325	434	1	
431	326	
329	428	3	1	
325	429	
327	436	
336	427	
347	405	
346	420	
425	339	
428	334	
442	323	
434	330	
329	439	
333	433	
326	432	2	
317	438	1	
438	333	
434	329	
433	333	
334	430	
430	338	
425	334	
335	428	
431	334	
432	328	
428	335	
416	343	
408	346	3	
409	347	
338	423	
336	1	426	
413	340	3	
420	331	
424	336	
422	326	
428	320	
441	311	
438	326	
441	328	
324	1	436	
313	443	
321	436	
437	322	
440	303	3	6	
448	313	
442	319	1	
441	313	3	1	
435	328	
429	333	
427	331	
435	326	1	
443	323	
436	328	
430	333	
427	337	
431	325	
436	325	
421	334	1	
423	333	1	
428	341	
425	341	
433	333	
432	329	
426	338	
408	344	1	
420	343	
427	339	
425	335	
421	343	
429	339	
421	327	
417	321	1	2	4	
410	335	
411	340	
421	315	6	1	3	
338	419	
336	427	
338	425	1	
338	429	
417	345	
341	411	
338	424	
339	423	
417	332	4	1	
419	343	
418	347	
413	346	1	
351	411	1	
412	352	
342	412	3	
351	410	
346	414	
341	415	
343	417	
343	419	
344	422	
344	416	1	
349	416	
422	343	
337	421	1	
344	418	
345	421	1	
347	417	
352	414	
342	413	
345	419	
350	417	
3	415	343	
341	426	
333	425	1	3	
338	418	
336	430	
424	338	
342	427	
341	426	
429	325	1	
342	427	
333	431	
330	429	3	
331	430	
333	420	3	3	
323	431	1	1	
318	436	1	
440	318	1	
317	444	
450	305	
445	308	
451	313	
444	315	
442	322	
443	321	
444	321	
434	326	
327	431	3	
321	441	
436	321	
428	327	1	
434	324	
332	432	
327	442	
440	322	
329	435	
331	429	
426	335	
425	336	
426	326	1	
331	429	
332	424	
331	435	
324	434	
338	426	
434	333	
434	332	
429	335	
430	333	
426	337	
432	332	
436	335	
423	335	1	
425	343	
419	340	
419	339	1	
421	342	1	
419	338	
420	344	
421	344	
416	338	
421	346	
345	419	
339	417	
342	416	
335	426	
327	416	3	1	
339	414	2	
340	420	
343	417	
349	408	
345	413	
352	3	407	
349	406	
347	418	
3	412	335	1	
401	1	353	
404	358	
359	403	
363	397	
353	404	
360	401	1	
405	352	
405	350	3	
409	356	
3	357	401	
393	4	357	
369	391	
377	387	
376	384	1	
364	388	1	
381	362	
385	370	
385	372	
389	376	
384	375	
380	374	
376	374	1	
377	373	1	
372	380	
367	379	3	
369	381	2	
374	382	
371	386	
372	384	
359	392	1	
365	392	
375	384	
368	389	
362	386	
368	387	
358	390	
354	397	3	
342	416	
341	415	
338	417	
429	328	
433	316	1	
432	327	
428	329	
417	333	
433	328	
432	325	
425	335	
429	329	
433	327	
436	319	1	
443	306	6	
443	312	
457	293	
450	287	3	1	
462	293	
467	291	
471	288	
289	467	
287	475	
281	475	
289	473	
288	473	
293	458	
296	462	
299	460	
295	456	
297	452	
301	453	
