70	30	
1	1	1	1	1	1	1	3	1	5	3	1	1	1	1	1	1	1	1	1	3	1	2	1	1	1	1	1	1	1	1	1	1	1	1	1	1	1	1	1	1	1	3	1	1	1	1	1	1	1	1	1	3	1	1	3	1	1	1	1	1	1	1	1	1	1	
62	69	26	4	42	91	30	31	24	26	62	28	3	17	69	20	6	6	13	3	
76	20	27	94	91	32	31	82	35	76	34	28	29	
88	15	124	90	111	8	105	15	36	40	14	20	3	
125	92	65	105	120	1	14	27	125	6	3	
91	94	28	130	88	131	112	14	3	
97	144	16	99	132	112	99	
181	116	100	122	83	1	101	1	
184	86	111	116	89	127	
178	81	110	82	124	125	
186	75	79	112	124	132	
201	66	64	111	133	141	
200	109	126	79	135	62	
57	199	113	137	142	65	
219	91	122	59	72	154	
226	61	136	75	152	69	
225	60	132	135	84	71	
239	70	133	56	93	131	
56	239	68	82	143	127	
58	241	70	64	143	4	131	
46	260	161	50	58	149	
255	159	56	51	147	51	
251	52	59	160	47	140	
259	53	52	163	40	149	
41	267	50	185	149	20	1	
265	180	4	156	50	42	17	
266	167	62	22	48	165	
278	41	61	169	176	
301	24	168	48	183	
297	7	195	3	168	50	1	
311	176	199	53	
302	196	185	51	
207	295	192	43	
52	207	302	175	1	
59	180	303	196	
187	210	45	287	
201	165	51	315	
204	187	297	48	
221	188	301	30	
239	195	307	
241	298	205	
226	305	210	
230	217	295	1	
241	295	206	
242	292	208	
235	213	302	
225	215	297	1	
226	225	289	
227	240	283	
223	229	290	
229	286	222	3	
219	223	299	
238	298	209	
243	297	203	
236	213	301	
237	210	298	
247	201	291	
244	204	288	
201	306	1	236	
320	223	197	
322	222	205	
315	213	211	
314	216	200	1	
310	213	221	
216	308	226	
213	310	220	
214	236	296	4	
227	218	297	
221	293	226	1	
228	225	287	
234	232	276	
231	232	283	
253	214	275	
253	222	272	
258	208	277	
266	207	271	
261	208	267	3	
268	197	274	
537	200	
263	193	276	
553	184	1	1	
271	281	191	
286	187	269	4	
198	286	265	
279	193	270	
197	267	1	268	
288	184	267	1	1	
296	187	259	
265	283	180	1	1	
281	279	183	
297	276	164	
174	274	291	
292	275	168	3	1	
261	166	307	1	
318	259	158	
167	262	308	
309	258	162	3	1	1	
300	271	167	3	
297	277	173	
286	281	176	
288	280	165	
287	167	280	
173	280	293	
166	271	307	
175	268	301	1	
167	287	290	1	
174	298	276	
172	303	268	
182	302	260	
192	300	253	
169	288	288	
1	286	288	154	1	4	
276	170	295	
175	297	269	
291	1	174	264	1	
273	177	296	
273	171	288	1	
286	167	289	
174	262	299	
177	306	259	1	
169	271	303	
267	314	165	
169	262	311	
261	309	172	
165	269	309	1	
165	276	296	
168	265	308	
261	164	320	
312	261	164	1	
258	166	318	1	
319	163	254	1	
312	158	268	
309	144	279	1	
319	145	272	
320	141	279	
332	133	286	
334	121	290	
339	123	274	
335	123	291	
288	335	3	118	
284	341	116	
107	286	356	
114	271	365	
121	266	359	
110	280	355	
120	247	371	
123	257	364	
250	129	361	
265	352	130	
344	262	131	
339	124	275	
344	127	266	
350	125	257	
349	133	265	
260	345	134	
271	332	129	1	
280	345	117	
110	346	289	
109	348	291	
116	344	284	
107	350	285	1	1	
294	349	98	1	
90	315	347	
316	346	88	
354	315	88	
347	326	77	1	
321	348	71	
80	311	355	
317	361	74	
69	318	367	
67	326	367	
343	356	52	
55	343	343	3	
352	346	50	
366	342	46	
347	38	359	
349	366	37	
358	354	30	
355	365	27	3	
345	366	29	
346	352	37	
343	363	39	
308	372	47	4	1	
304	373	61	
382	66	298	
395	291	63	
389	302	55	
392	283	58	1	3	1	
398	1	43	306	
393	314	34	6	
393	321	22	
346	391	17	
390	354	2	3	
369	386	
369	387	
384	372	
396	367	
389	362	3	
368	389	1	
357	395	
