70	30	
1	1	1	2	1	1	1	1	1	3	1	2	1	2	1	1	1	1	1	1	2	3	1	1	1	2	1	1	1	1	1	1	3	1	1	3	1	1	1	1	1	1	2	1	1	1	1	1	1	1	1	1	3	1	1	1	1	1	1	1	1	1	1	
21	18	109	84	21	76	26	60	27	30	42	24	26	13	38	11	
14	85	8	71	65	101	46	3	40	62	78	36	39	1	
113	92	91	91	110	80	57	50	
107	163	95	4	133	90	52	45	
109	171	102	45	112	104	50	
115	168	118	112	112	33	42	
98	122	133	166	117	40	30	
42	102	174	130	121	123	12	
60	94	180	119	115	149	
58	104	205	109	149	70	
108	209	136	150	65	34	2	1	
224	104	171	134	58	14	1	
239	106	184	129	55	1	
263	113	171	125	47	
268	121	166	104	54	
287	100	166	117	42	3	
295	105	167	142	20	
315	99	189	128	
328	107	170	129	
330	107	137	156	1	
323	115	144	148	
315	93	142	174	1	
327	90	169	150	
324	98	151	150	
327	98	169	136	
333	87	176	135	2	
331	136	160	84	5	
332	149	168	72	
353	145	168	61	1	1	
360	159	167	50	
367	178	166	19	
376	193	147	1	1	3	1	1	
398	204	146	
415	191	132	1	
393	183	156	
411	171	154	
410	179	149	
412	192	147	
398	190	157	
407	184	150	
432	178	143	
436	165	135	
442	172	123	1	
468	160	109	1	
486	148	108	1	
476	144	121	3	
464	156	120	1	
469	151	111	1	
474	152	113	2	
455	168	108	1	
456	179	106	
450	178	112	
462	184	1	93	
463	194	1	85	1	
488	201	46	5	
489	214	45	1	
517	218	12	1	1	
533	226	
523	221	
514	240	
508	240	2	
510	238	
529	232	
533	225	1	
531	228	
531	223	1	
521	232	
517	222	3	2	3	0	
526	236	
535	226	
530	228	
520	235	1	1	
519	229	1	1	
531	223	2	1	
532	223	
522	232	
521	235	1	
524	226	1	
528	225	
547	208	1	1	
549	209	
542	220	
546	209	
205	539	
538	205	1	
533	210	1	
553	196	3	1	1	
549	203	1	
554	204	
541	218	1	
550	209	
204	538	1	5	
228	526	1	
221	537	
226	529	
239	512	
246	502	
251	500	1	1	
234	502	1	
245	515	
239	507	
252	500	1	
257	481	1	
270	483	1	1	
263	480	
280	475	1	1	
280	472	1	
262	487	
260	492	
267	485	1	1	
268	473	1	
268	488	1	
266	493	
264	484	
264	498	1	
266	487	2	
276	485	
283	466	1	
284	462	1	
283	468	6	
297	463	
299	439	0	1	
304	451	
308	444	
291	455	1	
284	478	1	
277	477	1	
295	466	
294	460	
311	448	
324	436	
327	429	1	
335	416	
334	421	1	
336	412	
329	427	
310	4	432	
316	435	1	
303	444	1	
296	445	
295	453	1	
306	435	1	1	
305	438	1	
315	439	
316	432	
322	436	1	
320	438	
334	429	
322	425	1	
429	318	1	
457	308	
467	283	1	1	
474	279	1	
482	279	
470	287	1	
459	297	
467	290	
472	272	1	
488	271	
486	260	1	
491	263	1	
470	271	
484	266	2	1	
478	272	1	
473	282	
476	280	
479	275	
480	276	2	
482	270	
468	280	1	1	
472	274	1	1	
479	275	
487	257	
485	258	
510	239	2	
500	243	
508	241	
507	241	
520	226	
532	223	
527	226	1	
517	234	
518	233	3	
521	238	
513	241	1	
520	1	223	1	1	1	
516	219	6	1	
509	248	
477	263	1	
498	259	
502	263	
496	254	1	
512	243	
511	242	
506	256	
513	244	
513	236	1	
517	236	3	1	
511	243	
