70	30	
1	1	1	1	3	2	3	1	1	2	2	1	1	1	1	1	1	1	1	1	1	1	1	1	1	1	1	1	3	1	1	1	1	4	1	1	
58	18	14	37	83	29	53	68	14	17	96	28	36	21	19	15	17	
67	51	7	112	56	58	128	16	34	47	29	14	1	17	
64	109	156	110	36	67	120	12	17	
68	134	164	106	29	52	145	
76	164	170	77	149	55	3	
155	168	161	73	69	73	
65	188	159	50	167	68	
192	146	53	123	145	40	
192	159	168	94	46	42	
202	196	43	76	166	25	1	
224	218	68	185	12	10	
237	218	195	60	
251	224	197	46	
270	210	45	199	
267	214	223	29	
272	206	228	19	
289	213	230	
285	216	240	
267	214	257	1	
270	207	255	
280	207	242	
291	210	229	
295	194	226	
314	194	216	
321	193	227	
331	171	231	
332	164	242	
348	136	248	
377	114	249	
383	104	238	
398	91	253	
420	63	255	
440	248	31	1	
440	274	29	
456	289	
479	267	
468	285	
456	301	
458	288	
443	309	
439	315	
424	313	
432	316	
429	326	
420	318	
434	304	
420	324	
435	324	
448	311	
442	316	
451	299	
464	303	
455	286	
470	283	
460	291	
452	290	
447	299	
462	288	
460	287	
463	292	
459	287	
454	291	
455	297	
466	287	
441	301	
444	307	1	
447	304	
429	313	
430	324	
417	332	
425	324	
431	321	
428	324	1	
418	332	
426	321	
415	342	
415	332	
408	341	
391	359	
413	351	
390	349	
396	364	
386	357	
398	354	
405	347	
395	346	
410	346	
404	352	
396	359	
391	359	
382	362	
387	365	
368	376	
371	374	
368	376	
375	383	
374	376	
361	396	
361	389	
359	382	
357	391	1	
352	391	
355	395	
356	395	
358	401	
338	409	
351	398	
355	393	
356	392	
351	391	
364	380	
358	386	
355	395	
358	384	
347	403	
356	398	
355	393	
356	386	
366	395	
365	388	
348	387	
355	397	
356	393	
349	397	
359	382	
358	381	
372	382	
365	375	1	
367	388	
356	390	
373	363	1	
370	358	
372	382	
362	373	
390	361	
361	385	
376	364	
382	363	
360	383	1	
381	346	
362	372	
390	352	
385	356	
372	369	
376	369	
377	369	
388	363	
393	349	
392	347	
400	340	
394	349	
363	386	
358	384	
352	391	
357	384	
368	374	
381	374	
370	377	
371	384	
387	358	
367	379	
380	364	
365	381	
371	377	
365	378	
361	381	1	
372	381	
361	378	
374	377	
376	375	
391	356	
397	354	
396	351	
397	364	
389	359	
376	369	
371	366	
371	370	
376	376	
395	362	
379	369	1	
383	374	
368	373	
362	383	
341	383	1	
337	401	
351	407	
338	411	
334	408	2	
329	413	
343	414	
332	412	
356	398	
357	386	0	
355	376	
378	380	
373	364	
387	368	
371	374	
